1142, 19.0357, 0.983642, 1, 0.157655, 0.443765, -0.882166, -0.101659, 0.385803, -0.916963, -19.2393, -77.8948, 495.852, 0.208494, -0.349668, 0.227693, 0.344229, 0.668989
1143, 19.0524, 0.98348, 1, 0.15608, 0.440693, -0.883984, -0.101858, 0.384989, -0.917283, -19.1408, -78.0613, 496.193, 0.205505, -0.350952, 0.225755, 0.345643, 0.664218
1144, 19.0691, 0.98335, 1, 0.156811, 0.440223, -0.884089, -0.100909, 0.384967, -0.917397, -19.1338, -78.3652, 496.483, 0.204687, -0.350286, 0.222579, 0.347089, 0.663589
1145, 19.0857, 0.984585, 1, 0.156547, 0.44184, -0.883329, -0.0987291, 0.384639, -0.917772, -19.1912, -78.5184, 496.652, 0.199252, -0.349238, 0.218922, 0.347662, 0.659963
1146, 19.1024, 0.983704, 1, 0.159688, 0.440716, -0.883329, -0.0958041, 0.384671, -0.918069, -19.3069, -78.8931, 497.666, 0.202624, -0.346461, 0.217108, 0.349377, 0.663106
1147, 19.1191, 0.983722, 1, 0.158523, 0.442101, -0.882846, -0.0906975, 0.3843, -0.918742, -19.3709, -79.1187, 497.959, 0.200623, -0.345585, 0.213365, 0.351852, 0.66238
1148, 19.1358, 0.984439, 1, 0.158464, 0.438356, -0.884722, -0.0848634, 0.386876, -0.918219, -19.634, -79.2425, 498.217, 0.201855, -0.343331, 0.210828, 0.353657, 0.663366
1149, 19.1525, 0.983939, 1, 0.156732, 0.435565, -0.886407, -0.0873397, 0.386839, -0.918002, -19.7068, -79.4345, 498.807, 0.202876, -0.341838, 0.209383, 0.350213, 0.661835
1150, 19.1692, 0.983958, 1, 0.157381, 0.434116, -0.887003, -0.0855483, 0.387815, -0.917759, -19.8853, -79.4905, 498.723, 0.207046, -0.340045, 0.208207, 0.350888, 0.665201
1151, 19.1858, 0.985187, 1, 0.157559, 0.438095, -0.885013, -0.0880115, 0.388622, -0.917184, -20.1156, -79.4028, 498.469, 0.207499, -0.34072, 0.208535, 0.349842, 0.668034
1152, 19.2025, 0.983481, 1, 0.160804, 0.438197, -0.884379, -0.0844258, 0.387984, -0.917791, -20.2591, -79.3751, 498.618, 0.207625, -0.339654, 0.2075, 0.353226, 0.66897
1153, 19.2192, 0.983021, 1, 0.161241, 0.440908, -0.882951, -0.0927338, 0.38401, -0.91866, -20.449, -79.0727, 498.298, 0.209486, -0.340999, 0.20808, 0.350204, 0.669077
1154, 19.2359, 0.983683, 1, 0.160579, 0.440477, -0.883286, -0.0898235, 0.385117, -0.918486, -20.6479, -79.0827, 499.434, 0.212841, -0.340354, 0.208876, 0.350954, 0.672614
1155, 19.2526, 0.983795, 1, 0.16171, 0.438591, -0.884018, -0.0902769, 0.383642, -0.919059, -20.8227, -78.8522, 499.726, 0.210032, -0.339347, 0.207651, 0.35045, 0.668548
1156, 19.2693, 0.983897, 1, 0.148497, 0.432909, -0.889122, -0.085303, 0.383583, -0.919558, -20.9532, -78.7451, 500.476, 0.213809, -0.339814, 0.207344, 0.346995, 0.666635
1157, 19.2859, 0.984139, 1, 0.156677, 0.435308, -0.886544, -0.0930243, 0.384053, -0.918613, -21.1448, -78.5718, 500.526, 0.216307, -0.338249, 0.207485, 0.345679, 0.670887
1158, 19.3026, 0.983985, 1, 0.163368, 0.432333, -0.886792, -0.0837046, 0.381603, -0.920529, -21.264, -78.4093, 500.267, 0.216131, -0.335483, 0.206586, 0.353023, 0.67028
1159, 19.3193, 0.984295, 1, 0.156793, 0.436374, -0.885999, -0.0903675, 0.379969, -0.920574, -21.2757, -78.3343, 500.398, 0.216429, -0.336412, 0.206014, 0.34623, 0.669868
1160, 19.336, 0.984405, 1, 0.154535, 0.433577, -0.887767, -0.086709, 0.381316, -0.920369, -21.2667, -78.4756, 500.758, 0.21419, -0.337932, 0.204957, 0.348991, 0.667124
1211, 20.1868, 0.98674, 1, 0.0281679, 0.317073, -0.947983, -0.0527739, 0.351652, -0.934642, -25.7492, -78.109, 488.966, 0.21481, -0.29424, 0.172568, 0.266152, 0.570106
1212, 20.2035, 0.986812, 1, 0.0303342, 0.315264, -0.948519, -0.0508308, 0.348292, -0.936007, -25.7954, -78.1565, 489.313, 0.213453, -0.291777, 0.171012, 0.2662, 0.566596
1213, 20.2202, 0.987504, 1, 0.0171509, 0.351911, -0.935876, -0.0353589, 0.35243, -0.93517, -25.9181, -78.3713, 490.26, 0.210062, -0.285663, 0.168924, 0.257453, 0.58524
1214, 20.2369, 0.988244, 1, 0.114613, 0.385777, -0.915445, -0.0466339, 0.367273, -0.928944, -26.0858, -78.5943, 492.712, 0.205679, -0.286268, 0.166035, 0.305963, 0.620429
1215, 20.2536, 0.987433, 1, 0.111304, 0.404475, -0.907751, -0.052054, 0.383462, -0.922089, -26.4193, -78.9847, 495.634, 0.208411, -0.284674, 0.166824, 0.296193, 0.639936
1216, 20.2703, 0.98822, 1, 0.126628, 0.41383, -0.901505, -0.0533018, 0.387986, -0.920123, -26.6302, -79.1313, 496.931, 0.207731, -0.282017, 0.16444, 0.301458, 0.648844
1217, 20.2869, 0.987748, 1, 0.136034, 0.413416, -0.900323, -0.0540361, 0.390971, -0.918815, -26.86, -79.3393, 497.838, 0.211533, -0.277114, 0.162385, 0.301728, 0.654664
1218, 20.3036, 0.988123, 1, 0.138458, 0.412354, -0.900441, -0.047801, 0.39417, -0.917794, -27.0482, -79.5473, 499.058, 0.21725, -0.275221, 0.163064, 0.303485, 0.660422
1219, 20.3203, 0.987131, 1, 0.140644, 0.413555, -0.899551, -0.0465225, 0.397583, -0.916386, -27.2366, -79.6223, 499.124, 0.219669, -0.269521, 0.1612, 0.299319, 0.665214
1220, 20.337, 0.986217, 1, 0.139904, 0.410444, -0.90109, -0.0432044, 0.399387, -0.915764, -27.4604, -79.8649, 500.209, 0.222153, -0.267848, 0.16003, 0.299736, 0.666619
1221, 20.3537, 0.986217, 1, 0.136289, 0.417768, -0.898273, -0.0440292, 0.399414, -0.915713, -27.4119, -79.8392, 499.614, 0.223137, -0.267637, 0.159421, 0.296609, 0.670923
1222, 20.3704, 0.985569, 1, 0.133861, 0.414116, -0.900327, -0.044931, 0.398094, -0.916244, -27.7319, -80.0388, 500.499, 0.224611, -0.265951, 0.160194, 0.292705, 0.668322
1223, 20.387, 0.985878, 1, 0.13441, 0.416999, -0.898914, -0.0413598, 0.400871, -0.915201, -27.894, -79.9992, 500.38, 0.223855, -0.263791, 0.158038, 0.293043, 0.6711
1224, 20.4037, 0.984047, 1, 0.139265, 0.414962, -0.899117, -0.0442394, 0.399784, -0.915541, -27.8806, -79.9823, 500.236, 0.22414, -0.263223, 0.157417, 0.293905, 0.670191
1225, 20.4204, 0.984203, 1, 0.135995, 0.41709, -0.898633, -0.0445084, 0.402963, -0.914133, -28.0792, -80.139, 501.056, 0.22385, -0.262452, 0.157076, 0.290758, 0.672224
1226, 20.4371, 0.984691, 1, 0.138081, 0.415218, -0.899182, -0.0399494, 0.400033, -0.91563, -28.1683, -80.3096, 501.583, 0.222221, -0.263321, 0.155115, 0.296998, 0.669433
1227, 20.4538, 0.984061, 1, 0.144374, 0.417844, -0.896974, -0.0397797, 0.400718, -0.915338, -28.2128, -80.3214, 501.507, 0.220348, -0.261669, 0.155168, 0.298825, 0.670697
1228, 20.4705, 0.982998, 1, 0.139365, 0.415039, -0.899066, -0.0390917, 0.397406, -0.91681, -28.2997, -80.4469, 501.802, 0.221517, -0.264688, 0.155055, 0.300968, 0.668161
1229, 20.4871, 0.983091, 1, 0.14281, 0.416952, -0.89764, -0.0443914, 0.400677, -0.915144, -28.3879, -80.5746, 502.114, 0.217184, -0.267337, 0.155098, 0.302899, 0.667962
1230, 20.5038, 0.9832, 1, 0.135571, 0.413587, -0.900314, -0.041906, 0.39675, -0.91697, -28.4293, -80.6549, 502.34, 0.216787, -0.268156, 0.155593, 0.30152, 0.662822
1231, 20.5205, 0.983748, 1, 0.138682, 0.412645, -0.900273, -0.0452041, 0.393581, -0.918178, -28.4484, -80.8527, 502.749, 0.21337, -0.270169, 0.154308, 0.304995, 0.658414
1232, 20.5372, 0.984719, 1, 0.143182, 0.416092, -0.897979, -0.0499722, 0.394538, -0.91752, -28.4618, -81.0419, 502.843, 0.211705, -0.272536, 0.153474, 0.308055, 0.660253
1233, 20.5539, 0.984837, 1, 0.143232, 0.416698, -0.89769, -0.0498737, 0.393901, -0.917799, -28.4716, -81.0791, 502.79, 0.215799, -0.274127, 0.154158, 0.310501, 0.663782
1234, 20.5706, 0.984726, 1, 0.143777, 0.417128, -0.897403, -0.053121, 0.392729, -0.918119, -28.4964, -81.2488, 503.138, 0.212124, -0.275866, 0.15279, 0.311425, 0.660072
1235, 20.5872, 0.984841, 1, 0.145008, 0.416779, -0.897367, -0.0575727, 0.392075, -0.91813, -28.6234, -81.4035, 503.237, 0.213919, -0.277545, 0.153293, 0.312268, 0.661299
1236, 20.6039, 0.984734, 1, 0.146351, 0.416528, -0.897266, -0.058197, 0.391783, -0.918215, -28.5914, -81.2986, 502.476, 0.212626, -0.277168, 0.153944, 0.311764, 0.659924
1237, 20.6206, 0.984717, 1, 0.142771, 0.415665, -0.898242, -0.0597959, 0.38979, -0.91896, -28.7535, -81.5151, 503.045, 0.212967, -0.276817, 0.152955, 0.309075, 0.657959
1238, 20.6373, 0.984755, 1, 0.150365, 0.415694, -0.896989, -0.0591639, 0.388794, -0.919423, -28.937, -81.585, 502.951, 0.212671, -0.275814, 0.152309, 0.313282, 0.658475
1239, 20.654, 0.985499, 1, 0.146519, 0.415529, -0.897701, -0.0598826, 0.388991, -0.919293, -28.9674, -81.5043, 502.676, 0.21156, -0.275723, 0.15123, 0.310579, 0.656746
1240, 20.6707, 0.984804, 1, 0.147157, 0.418493, -0.896219, -0.0597929, 0.385326, -0.920841, -29.1556, -81.5842, 502.929, 0.21024, -0.273851, 0.149122, 0.309568, 0.655249
1241, 20.6873, 0.986198, 1, 0.150167, 0.411607, -0.898904, -0.062819, 0.387041, -0.91992, -29.3613, -81.4897, 503.033, 0.210377, -0.272901, 0.147857, 0.309358, 0.652476
1242, 20.704, 0.985698, 1, 0.150169, 0.416402, -0.896693, -0.0576386, 0.38638, -0.920537, -29.4636, -81.3916, 502.997, 0.211593, -0.27276, 0.147228, 0.312281, 0.656336
1243, 20.7207, 0.986867, 1, 0.159688, 0.414912, -0.895738, -0.059615, 0.386686, -0.920282, -29.6665, -81.2098, 502.766, 0.211637, -0.271465, 0.146347, 0.316124, 0.657072
1244, 20.7374, 0.986987, 1, 0.159655, 0.412757, -0.896739, -0.0621103, 0.386964, -0.920001, -29.8908, -81.0837, 502.967, 0.210797, -0.26842, 0.144967, 0.311264, 0.654658
1245, 20.7541, 0.986013, 1, 0.162277, 0.414092, -0.895653, -0.0650544, 0.386932, -0.919811, -29.8996, -81.0352, 502.908, 0.210431, -0.268511, 0.144024, 0.311331, 0.655174
1246, 20.7708, 0.985691, 1, 0.164269, 0.411258, -0.896595, -0.0671708, 0.383398, -0.921138, -30.1585, -81.0057, 503.579, 0.20831, -0.266414, 0.143597, 0.309265, 0.650106
1247, 20.7874, 0.986765, 1, 0.163881, 0.414271, -0.895278, -0.0663399, 0.381593, -0.921947, -30.3469, -80.9453, 503.642, 0.207981, -0.26544, 0.142821, 0.308556, 0.650232
1248, 20.8041, 0.987045, 1, 0.164235, 0.414856, -0.894942, -0.0698759, 0.380717, -0.922047, -30.3712, -80.8847, 503.552, 0.207612, -0.265915, 0.142278, 0.307202, 0.649437
1249, 20.8208, 0.987174, 1, 0.167384, 0.411738, -0.895798, -0.0683725, 0.378844, -0.922931, -30.532, -80.8447, 503.559, 0.206733, -0.265149, 0.142005, 0.309697, 0.646639
1250, 20.8375, 0.986686, 1, 0.165441, 0.413404, -0.895392, -0.0654283, 0.38012, -0.92262, -30.8437, -80.9292, 504.223, 0.206681, -0.261682, 0.141713, 0.30608, 0.647729
1251, 20.8542, 0.987083, 1, 0.164182, 0.416092, -0.894378, -0.0642884, 0.378835, -0.923229, -30.9199, -80.9203, 504.396, 0.205749, -0.262191, 0.142169, 0.306357, 0.64741
1252, 20.8709, 0.985027, 1, 0.166239, 0.417682, -0.893256, -0.0618485, 0.38209, -0.922053, -31.1465, -80.9674, 504.683, 0.206921, -0.259972, 0.142018, 0.306385, 0.651567
1253, 20.8875, 0.985934, 1, 0.168912, 0.415677, -0.89369, -0.0600261, 0.384095, -0.92134, -31.1996, -80.8514, 504.438, 0.207097, -0.260901, 0.141177, 0.31063, 0.652718
1254, 20.9042, 0.98546, 1, 0.167078, 0.418784, -0.892583, -0.0588836, 0.386019, -0.92061, -31.3218, -80.8449, 504.398, 0.206072, -0.258739, 0.141043, 0.306895, 0.654161
1255, 20.9209, 0.986402, 1, 0.167268, 0.417636, -0.893086, -0.061911, 0.385366, -0.920685, -31.4741, -80.7491, 503.971, 0.204332, -0.257552, 0.139878, 0.304121, 0.651304
1256, 20.9376, 0.986065, 1, 0.167116, 0.417058, -0.893384, -0.0594389, 0.385008, -0.920997, -31.667, -80.6429, 503.462, 0.204068, -0.256307, 0.138013, 0.3046, 0.650666
1257, 20.9543, 0.985249, 1, 0.170431, 0.417895, -0.892366, -0.0579622, 0.385562, -0.92086, -31.7645, -80.6617, 503.696, 0.203619, -0.25435, 0.13705, 0.305385, 0.651632
1258, 20.971, 0.985706, 1, 0.168665, 0.417956, -0.892673, -0.0564394, 0.385262, -0.92108, -31.8982, -80.5789, 503.383, 0.203143, -0.252937, 0.136559, 0.303661, 0.650956
1259, 20.9876, 0.983259, 1, 0.168419, 0.412788, -0.895121, -0.0533896, 0.389309, -0.919559, -31.9593, -80.5421, 503.323, 0.205676, -0.254373, 0.134609, 0.308269, 0.653033
1260, 21.0043, 0.983019, 1, 0.168767, 0.412219, -0.895317, -0.0544844, 0.388922, -0.919658, -32.0821, -80.6091, 503.535, 0.208086, -0.252666, 0.133652, 0.306652, 0.654261
1261, 21.021, 0.98302, 1, 0.166861, 0.411212, -0.896138, -0.0522798, 0.389972, -0.919342, -32.1335, -80.5456, 503.724, 0.209327, -0.252255, 0.132961, 0.306453, 0.655512
1262, 21.0377, 0.982151, 1, 0.167388, 0.410708, -0.89627, -0.0527165, 0.387601, -0.920319, -32.2649, -80.3111, 503.085, 0.209378, -0.252225, 0.131319, 0.307238, 0.654108
1263, 21.0544, 0.982565, 1, 0.168754, 0.409027, -0.896783, -0.0522104, 0.388985, -0.919763, -32.3104, -80.2671, 502.933, 0.212726, -0.252531, 0.132023, 0.308946, 0.657129
1264, 21.0711, 0.983096, 1, 0.170098, 0.403923, -0.89884, -0.0523532, 0.386096, -0.920972, -32.4767, -80.1623, 503.206, 0.214719, -0.25186, 0.1305, 0.309666, 0.654555
1265, 21.0877, 0.983558, 1, 0.170069, 0.409434, -0.896349, -0.0529595, 0.384755, -0.921498, -32.5581, -79.9377, 502.456, 0.215156, -0.251635, 0.129657, 0.309418, 0.657192
1266, 21.1044, 0.982615, 1, 0.169563, 0.409211, -0.896546, -0.0550693, 0.385326, -0.921136, -32.6286, -80.0068, 503.126, 0.217248, -0.250288, 0.129734, 0.30626, 0.658946
1267, 21.1211, 0.982342, 1, 0.168458, 0.41176, -0.895586, -0.0561015, 0.385998, -0.920792, -32.7005, -79.8395, 503.002, 0.219873, -0.250816, 0.129828, 0.306051, 0.66299
1268, 21.1378, 0.9818, 1, 0.167492, 0.407582, -0.897677, -0.0533535, 0.387048, -0.920515, -32.6704, -79.6519, 502.67, 0.218005, -0.251101, 0.127359, 0.308542, 0.660064
1269, 21.1545, 0.983035, 1, 0.171948, 0.408339, -0.896489, -0.0569583, 0.3888, -0.91956, -32.7056, -79.6786, 503.117, 0.217227, -0.252328, 0.126745, 0.310996, 0.66119
1270, 21.1712, 0.983557, 1, 0.168765, 0.40563, -0.898322, -0.052977, 0.388523, -0.919915, -32.6043, -79.474, 502.405, 0.216647, -0.252411, 0.124355, 0.312724, 0.658976
1271, 21.1878, 0.984324, 1, 0.178591, 0.393681, -0.901732, -0.0553041, 0.381854, -0.922566, -32.4487, -79.5782, 502.611, 0.217335, -0.256909, 0.124438, 0.323326, 0.650457
1873, 31.2312, 0.986255, 1, 0.223097, 0.327043, -0.918298, 0.0256313, 0.379242, -0.924942, -68.3882, -73.3497, 513.629, 0.228971, -0.0693126, -0.177263, 0.291145, 0.590842
1874, 31.2479, 0.98595, 1, 0.216724, 0.330436, -0.918609, 0.0271372, 0.386888, -0.921727, -67.6759, -73.155, 513.154, 0.231339, -0.0697154, -0.17436, 0.289286, 0.599473
1875, 31.2646, 0.985725, 1, 0.209995, 0.330106, -0.920289, 0.0200545, 0.380204, -0.924685, -66.9308, -72.8648, 512.845, 0.232546, -0.0739596, -0.172075, 0.284081, 0.597985
1876, 31.2813, 0.985838, 1, 0.210553, 0.334009, -0.918752, 0.022169, 0.381954, -0.923915, -66.4484, -72.563, 512.865, 0.233386, -0.073017, -0.169026, 0.284423, 0.602149
1877, 31.2979, 0.985609, 1, 0.214898, 0.326785, -0.920342, 0.016126, 0.38514, -0.922717, -65.9891, -72.1364, 512.512, 0.23573, -0.0762606, -0.166603, 0.286137, 0.602993
1878, 31.3146, 0.985544, 1, 0.207159, 0.323043, -0.923433, 0.0133892, 0.379099, -0.925259, -65.3284, -71.704, 511.786, 0.238017, -0.0791972, -0.162104, 0.280182, 0.600974
1879, 31.3313, 0.984938, 1, 0.211662, 0.322069, -0.922752, 0.0129453, 0.379308, -0.92518, -64.8703, -71.249, 511.577, 0.240467, -0.0823572, -0.158374, 0.285496, 0.603655
1880, 31.348, 0.98542, 1, 0.21438, 0.323411, -0.921654, 0.0102951, 0.377847, -0.925811, -64.4299, -70.844, 511.817, 0.244447, -0.0888888, -0.153849, 0.292294, 0.608714
1881, 31.3647, 0.985117, 1, 0.206586, 0.339738, -0.917551, 0.0162117, 0.373596, -0.92745, -64.0695, -70.4472, 511.093, 0.246588, -0.089271, -0.149768, 0.292633, 0.617758
1882, 31.3814, 0.984423, 1, 0.200218, 0.332022, -0.921778, 0.0131689, 0.369545, -0.92912, -63.7836, -70.1789, 511.357, 0.244638, -0.0938375, -0.14621, 0.289887, 0.610181
1883, 31.398, 0.984291, 1, 0.204938, 0.331783, -0.920826, 0.0123502, 0.370027, -0.928939, -63.5664, -70.0144, 511.398, 0.24829, -0.0971799, -0.142943, 0.295532, 0.613921
1884, 31.4147, 0.984383, 1, 0.201141, 0.331415, -0.921795, 0.00556148, 0.365251, -0.930893, -63.431, -69.8866, 511.165, 0.249769, -0.101142, -0.141687, 0.292407, 0.61306
1885, 31.4314, 0.984118, 1, 0.185521, 0.320403, -0.928937, -0.00607495, 0.355897, -0.934505, -63.3898, -69.891, 511.173, 0.250241, -0.10087, -0.142431, 0.272561, 0.602889
1886, 31.4481, 0.985295, 1, 0.177042, 0.315588, -0.932234, -0.00955754, 0.359356, -0.933152, -63.3112, -69.8836, 510.178, 0.249542, -0.101728, -0.141685, 0.265799, 0.601805
1887, 31.4648, 0.984841, 1, 0.177478, 0.311407, -0.933556, -0.0135187, 0.354915, -0.934801, -63.2974, -69.9158, 509.964, 0.251061, -0.102705, -0.141065, 0.263436, 0.598943
1888, 31.4815, 0.984807, 1, 0.171696, 0.317993, -0.932417, -0.01662, 0.353506, -0.935285, -63.2236, -69.9466, 509.24, 0.247914, -0.103707, -0.139224, 0.259675, 0.599276
1889, 31.4981, 0.986345, 1, 0.084039, 0.306919, -0.948018, -0.0123996, 0.350985, -0.936299, -63.4227, -69.8411, 508.881, 0.246371, -0.102734, -0.138324, 0.206639, 0.591701
1890, 31.5148, 0.986192, 1, 0.0786969, 0.315537, -0.945644, -0.0161036, 0.3549, -0.934766, -63.5165, -69.8574, 509.141, 0.246718, -0.101682, -0.137149, 0.201338, 0.599571
1891, 31.5315, 0.98548, 1, 0.0868489, 0.300712, -0.949752, -0.0174053, 0.355261, -0.934605, -63.7744, -69.8463, 509.437, 0.245439, -0.0991024, -0.137316, 0.200411, 0.58986
1892, 31.5482, 0.985717, 1, 0.0781505, 0.327157, -0.941733, -0.0154461, 0.352757, -0.935587, -63.8421, -69.5399, 507.71, 0.244909, -0.098126, -0.135855, 0.198395, 0.602599
1893, 31.5649, 0.986367, 1, 0.0872106, 0.310883, -0.946438, -0.0187304, 0.349553, -0.936729, -64.1587, -69.5782, 509.045, 0.247045, -0.0998657, -0.135415, 0.201374, 0.594115
1894, 31.5816, 0.985223, 1, 0.0841841, 0.330476, -0.940053, -0.0140468, 0.354731, -0.934863, -64.3187, -69.2831, 507.834, 0.246359, -0.0945011, -0.135967, 0.199221, 0.606824
1895, 31.5982, 0.984589, 1, 0.0831814, 0.339392, -0.93696, -0.0118316, 0.355976, -0.93442, -64.7403, -69.1022, 507.904, 0.248837, -0.0903529, -0.134767, 0.195554, 0.614407
1896, 31.6149, 0.984807, 1, 0.085739, 0.324636, -0.941945, -0.0137155, 0.353121, -0.935477, -64.943, -69.0832, 508.223, 0.249021, -0.0928575, -0.134927, 0.197001, 0.604719
1897, 31.6316, 0.98536, 1, 0.0955877, 0.345635, -0.933488, -0.0119391, 0.353216, -0.935466, -65.2838, -68.8641, 507.846, 0.251794, -0.0890561, -0.133063, 0.201656, 0.618724
1898, 31.6483, 0.985189, 1, 0.0960056, 0.317326, -0.943444, -0.0130733, 0.350517, -0.936465, -65.7791, -68.8953, 508.789, 0.254118, -0.0881828, -0.132565, 0.195192, 0.604109
1899, 31.665, 0.983989, 1, 0.0865638, 0.342303, -0.935594, -0.013546, 0.357141, -0.933952, -65.8501, -68.783, 507.708, 0.257496, -0.0847924, -0.131269, 0.189392, 0.624636
1900, 31.6817, 0.983898, 1, 0.0837651, 0.334901, -0.938523, -0.0134806, 0.356736, -0.934108, -66.4038, -68.946, 508.594, 0.25732, -0.0832627, -0.131936, 0.184891, 0.61974
1901, 31.6983, 0.98363, 1, 0.0735309, 0.348828, -0.934298, -0.0171976, 0.359529, -0.932975, -66.4668, -69.0509, 507.752, 0.255074, -0.0819046, -0.131824, 0.176469, 0.627342
1902, 31.715, 0.984364, 1, 0.0648198, 0.339182, -0.938485, -0.0149455, 0.362017, -0.932052, -66.5117, -69.3416, 507.61, 0.251673, -0.0820397, -0.133518, 0.172999, 0.620641
1903, 31.7317, 0.985684, 1, 0.0710358, 0.308697, -0.948504, -0.0192403, 0.354524, -0.934849, -66.8751, -70.1156, 510.279, 0.25074, -0.0825405, -0.137263, 0.170587, 0.599159
1904, 31.7484, 0.984828, 1, 0.0587024, 0.349797, -0.934984, -0.0210186, 0.362699, -0.931669, -66.2836, -70.1535, 506.893, 0.24007, -0.083694, -0.138806, 0.171051, 0.616347
1905, 31.7651, 0.985186, 1, 0.0575986, 0.324508, -0.944128, -0.0228398, 0.363258, -0.931409, -66.3783, -70.7234, 507.881, 0.249276, -0.0895537, -0.139469, 0.174288, 0.612199
1906, 31.7818, 0.983027, 1, 0.056805, 0.339476, -0.938898, -0.0243416, 0.36724, -0.929807, -65.8052, -70.8662, 505.387, 0.245666, -0.0952852, -0.140757, 0.183461, 0.619584
1907, 31.7984, 0.98293, 1, 0.0534249, 0.325024, -0.944195, -0.0225943, 0.367487, -0.929754, -65.691, -71.1479, 505.288, 0.2522, -0.100297, -0.141561, 0.188039, 0.618422
1908, 31.8151, 0.98414, 1, 0.0553441, 0.321147, -0.945411, -0.0234626, 0.368887, -0.929178, -65.7189, -71.3407, 505.425, 0.258664, -0.102658, -0.141056, 0.191512, 0.623409
1909, 31.8318, 0.983734, 1, 0.0509963, 0.319514, -0.946208, -0.0227505, 0.3707, -0.928474, -65.4889, -71.3899, 504.761, 0.257852, -0.10728, -0.143035, 0.196263, 0.622655
1910, 31.8485, 0.984354, 1, 0.0550507, 0.312106, -0.948451, -0.0213518, 0.372166, -0.927921, -65.397, -71.3968, 504.845, 0.260778, -0.108365, -0.146028, 0.201372, 0.621943
1911, 31.8652, 0.983896, 1, 0.0674871, 0.329589, -0.94171, -0.0207968, 0.370566, -0.928573, -65.2372, -71.1002, 503.804, 0.262602, -0.106892, -0.147622, 0.210007, 0.63151
1912, 31.8819, 0.984919, 1, 0.0705959, 0.319388, -0.944991, -0.0221829, 0.372522, -0.927758, -65.2473, -70.9149, 504.162, 0.267805, -0.106369, -0.15033, 0.210168, 0.631391
1913, 31.8985, 0.985331, 1, 0.0697807, 0.324675, -0.943248, -0.0157182, 0.371463, -0.928315, -65.1658, -70.5809, 504.848, 0.287761, -0.108359, -0.149574, 0.216717, 0.652129
1914, 31.9152, 0.984167, 1, 0.164782, 0.332764, -0.928502, -0.0130723, 0.376058, -0.926504, -65.1673, -70.1636, 505.287, 0.301924, -0.103485, -0.149484, 0.272412, 0.668766
1915, 31.9319, 0.986137, 1, 0.184306, 0.310836, -0.932423, -0.00966911, 0.376608, -0.926322, -65.1112, -69.6577, 506.983, 0.31939, -0.107633, -0.149209, 0.288747, 0.672669
1916, 31.9486, 0.986749, 1, 0.179568, 0.345096, -0.92123, -0.0146768, 0.386912, -0.922, -64.9414, -68.9608, 508.629, 0.325316, -0.110797, -0.141888, 0.292947, 0.704207
1917, 31.9653, 0.985712, 1, 0.269086, 0.376879, -0.886315, -0.0152, 0.41345, -0.9104, -64.3546, -68.4033, 514.373, 0.335484, -0.119894, -0.127944, 0.375111, 0.750704
1918, 31.982, 0.98269, 1, 0.294819, 0.355308, -0.887039, 0.00386064, 0.40116, -0.916, -63.8666, -68.2317, 523.646, 0.364637, -0.140842, -0.106031, 0.421046, 0.761496
1919, 31.9986, 0.982319, 1, 0.319255, 0.360772, -0.87631, 0.0109628, 0.409625, -0.912188, -63.0631, -67.67, 526.463, 0.367521, -0.157831, -0.0941217, 0.465271, 0.777013
1920, 32.0153, 0.981147, 1, 0.285191, 0.372435, -0.883152, -0.0027898, 0.405345, -0.914159, -61.656, -67.0256, 526.971, 0.370601, -0.171648, -0.0815494, 0.450029, 0.785678
1921, 32.032, 0.952972, 1, 0.304654, 0.370685, -0.87737, 0.0028411, 0.397064, -0.917786, -60.7156, -66.573, 527.702, 0.372331, -0.182837, -0.0701552, 0.476113, 0.785874
1922, 32.0487, 0.967426, 1, 0.277855, 0.37189, -0.885717, 0.00431463, 0.386445, -0.922302, -59.4953, -65.824, 527.765, 0.335629, -0.215442, -0.0715798, 0.485216, 0.745169
1923, 32.0654, 0.966966, 1, 0.291721, 0.363604, -0.884698, 0.0079227, 0.379417, -0.925192, -58.2766, -65.3677, 527.931, 0.324027, -0.218776, -0.0659809, 0.491587, 0.727474
1924, 32.0821, 0.968043, 1, 0.297534, 0.350303, -0.888122, 0.0221619, 0.368792, -0.929248, -56.8778, -65.082, 528.419, 0.32113, -0.236299, -0.0524916, 0.515622, 0.71563
1925, 32.0987, 0.970261, 1, 0.300894, 0.349125, -0.887454, 0.0349886, 0.359169, -0.932616, -55.6348, -64.8229, 528.841, 0.316108, -0.248491, -0.0410106, 0.532895, 0.708669
1926, 32.1154, 0.967771, 1, 0.308154, 0.322991, -0.894828, 0.049881, 0.35144, -0.934881, -54.6823, -64.6235, 530.815, 0.318428, -0.266604, -0.0275445, 0.558786, 0.696545
1927, 32.1321, 0.965019, 1, 0.305635, 0.322201, -0.895977, 0.0580514, 0.348838, -0.935383, -53.5796, -64.1548, 530.106, 0.31887, -0.281361, -0.0147829, 0.575313, 0.69967
1928, 32.1488, 0.963476, 1, 0.300007, 0.317844, -0.899428, 0.0680929, 0.347937, -0.935042, -53.1, -63.8715, 531.135, 0.329341, -0.2953, 0.00165171, 0.588303, 0.709002
1929, 32.1655, 0.970298, 1, 0.289973, 0.314236, -0.903975, 0.0710827, 0.352367, -0.933158, -52.6355, -63.4449, 531.257, 0.335037, -0.301218, 0.013915, 0.586682, 0.714856
1930, 32.1822, 0.968745, 1, 0.29096, 0.30792, -0.90583, 0.0719442, 0.34396, -0.936224, -52.1653, -62.8965, 531.306, 0.346417, -0.303003, 0.0230039, 0.587959, 0.719037
1931, 32.1988, 0.96371, 1, 0.292233, 0.312979, -0.903684, 0.0665736, 0.340833, -0.937764, -51.678, -62.0114, 529.737, 0.350023, -0.305958, 0.0333335, 0.588677, 0.725884
1932, 32.2155, 0.971343, 1, 0.289731, 0.321125, -0.901629, 0.0717076, 0.338252, -0.93832, -51.5976, -61.3627, 531.003, 0.352924, -0.309249, 0.0460232, 0.593591, 0.734883
1933, 32.2322, 0.969476, 1, 0.299271, 0.329667, -0.895409, 0.069308, 0.331032, -0.941071, -51.2986, -60.586, 530.976, 0.354412, -0.305042, 0.0534101, 0.592046, 0.73957
1934, 32.2489, 0.969532, 1, 0.29269, 0.329579, -0.897614, 0.0751255, 0.335282, -0.939118, -51, -59.7905, 530.988, 0.366716, -0.308935, 0.0660386, 0.596989, 0.755593
1935, 32.2656, 0.968236, 1, 0.289836, 0.335406, -0.89638, 0.0812075, 0.343202, -0.935744, -50.5437, -59.0534, 531.09, 0.367756, -0.309502, 0.0741453, 0.599383, 0.766556
1936, 32.2823, 0.967086, 1, 0.286372, 0.338362, -0.896383, 0.084097, 0.330913, -0.939906, -50.1845, -58.4386, 531.67, 0.369254, -0.303735, 0.0823404, 0.588974, 0.763045
1937, 32.2989, 0.965638, 1, 0.27966, 0.332485, -0.900691, 0.0810291, 0.33066, -0.940265, -49.6156, -57.9191, 531.919, 0.375045, -0.307453, 0.0918592, 0.584771, 0.764566
1938, 32.3156, 0.966755, 1, 0.28158, 0.33651, -0.898595, 0.0757161, 0.341164, -0.936949, -48.9917, -57.6086, 532.444, 0.377403, -0.307782, 0.0984846, 0.583959, 0.776039
1939, 32.3323, 0.967921, 1, 0.274822, 0.338317, -0.900008, 0.0792189, 0.335534, -0.938691, -48.207, -57.3024, 532.248, 0.380139, -0.309256, 0.107093, 0.580915, 0.776787
1940, 32.349, 0.971251, 1, 0.279496, 0.345707, -0.895751, 0.0717308, 0.327166, -0.942241, -47.4276, -57.1795, 532.945, 0.383142, -0.318084, 0.116789, 0.587907, 0.781486
1941, 32.3657, 0.971958, 1, 0.267428, 0.339819, -0.901668, 0.0599467, 0.32317, -0.94444, -46.7406, -57.1434, 533.529, 0.386544, -0.324151, 0.12381, 0.577067, 0.776269
1942, 32.3824, 0.970644, 1, 0.275148, 0.345843, -0.897043, 0.0683465, 0.320628, -0.944736, -45.9079, -57.1119, 533.56, 0.391439, -0.329976, 0.133808, 0.59372, 0.787543
1943, 32.399, 0.974222, 1, 0.280937, 0.357952, -0.890475, 0.062403, 0.33327, -0.940764, -45.1444, -57.2157, 533.468, 0.39531, -0.34118, 0.145033, 0.607434, 0.808027
1944, 32.4157, 0.972497, 1, 0.301532, 0.360339, -0.882743, 0.0552932, 0.327739, -0.943149, -44.2908, -57.2465, 533.053, 0.3966, -0.344455, 0.15344, 0.618553, 0.812682
1945, 32.4324, 0.969427, 1, 0.298942, 0.358144, -0.884515, 0.0476855, 0.321093, -0.945846, -43.5553, -57.4638, 532.884, 0.396145, -0.351598, 0.160496, 0.617438, 0.807403
1946, 32.4491, 0.972118, 1, 0.299392, 0.349841, -0.88768, 0.043968, 0.329351, -0.943183, -42.7807, -57.6575, 532.36, 0.39495, -0.361138, 0.167219, 0.624123, 0.807959
1947, 32.4658, 0.972819, 1, 0.29643, 0.358285, -0.885303, 0.0394058, 0.327746, -0.943944, -41.9842, -58.0345, 532.105, 0.398297, -0.367469, 0.175167, 0.626239, 0.814743
1948, 32.4825, 0.97364, 1, 0.29941, 0.362606, -0.882536, 0.0367352, 0.328724, -0.943711, -41.3113, -58.3466, 531.296, 0.400861, -0.367609, 0.182356, 0.626384, 0.821491
1949, 32.4991, 0.975602, 1, 0.2991, 0.372286, -0.878603, 0.0421624, 0.324985, -0.944779, -40.5043, -58.7178, 530.67, 0.400634, -0.372721, 0.187449, 0.63435, 0.826888
2491, 41.5415, 0.979147, 1, 0.155328, 0.436246, -0.88632, -0.0622412, 0.396667, -0.91585, -22.394, -69.1771, 505.509, 0.366069, -0.392513, 0.285523, 0.426254, 0.81914
2492, 41.5582, 0.979836, 1, 0.153565, 0.435216, -0.887133, -0.0599462, 0.400553, -0.914311, -22.0632, -68.8408, 505.723, 0.368326, -0.394164, 0.285022, 0.428695, 0.822724
2493, 41.5749, 0.980369, 1, 0.154609, 0.43645, -0.886345, -0.0610503, 0.401636, -0.913762, -21.7592, -68.1602, 504.616, 0.368921, -0.396858, 0.284986, 0.432161, 0.824928
2494, 41.5916, 0.980265, 1, 0.157088, 0.436445, -0.885912, -0.0620466, 0.40183, -0.91361, -21.2795, -67.4507, 503.612, 0.370201, -0.400115, 0.284568, 0.438219, 0.827919
2495, 41.6082, 0.978315, 1, 0.16401, 0.434874, -0.88543, -0.0548628, 0.400479, -0.914662, -20.9773, -66.8765, 503.217, 0.374707, -0.400624, 0.28527, 0.449998, 0.833456
2496, 41.6249, 0.980455, 1, 0.158897, 0.434695, -0.886449, -0.0571426, 0.401966, -0.91387, -20.7363, -66.2699, 502.761, 0.379987, -0.398547, 0.287255, 0.442689, 0.836676
2497, 41.6416, 0.977661, 1, 0.151645, 0.432096, -0.888987, -0.0539536, 0.40052, -0.914698, -20.4145, -65.6011, 501.769, 0.384669, -0.399945, 0.288457, 0.443021, 0.838077
2498, 41.6583, 0.978487, 1, 0.144982, 0.434802, -0.888779, -0.0550945, 0.404835, -0.912729, -20.1744, -65.0948, 502.014, 0.386057, -0.401377, 0.288654, 0.439148, 0.841033
2499, 41.675, 0.974096, 1, 0.142142, 0.430343, -0.891404, -0.0624565, 0.399661, -0.914533, -19.9535, -64.7484, 502.886, 0.391385, -0.39757, 0.290363, 0.428756, 0.837679
2500, 41.6917, 0.976559, 1, 0.140726, 0.428007, -0.892752, -0.0601775, 0.399639, -0.914695, -19.7134, -63.9595, 501.607, 0.395636, -0.398617, 0.288895, 0.433189, 0.840533
2501, 41.7083, 0.974578, 1, 0.147447, 0.428161, -0.891593, -0.0530553, 0.394088, -0.91754, -19.581, -63.3231, 501.64, 0.399054, -0.395334, 0.288479, 0.440671, 0.843794
2502, 41.725, 0.977431, 1, 0.150177, 0.426917, -0.891734, -0.0488278, 0.396601, -0.916691, -19.4229, -62.6308, 501.115, 0.402484, -0.395092, 0.289534, 0.446054, 0.84949
2503, 41.7417, 0.97472, 1, 0.14563, 0.428426, -0.891764, -0.0611773, 0.396959, -0.915795, -19.37, -62.1979, 503.263, 0.406289, -0.393159, 0.292629, 0.431475, 0.849556
2504, 41.7584, 0.975566, 1, 0.137693, 0.418112, -0.897899, -0.058406, 0.391915, -0.918146, -19.2791, -61.4125, 503.069, 0.411329, -0.393446, 0.294889, 0.430777, 0.844862
2505, 41.7751, 0.975967, 1, 0.144974, 0.420544, -0.895614, -0.0530062, 0.389953, -0.919308, -19.1653, -60.742, 503.077, 0.417469, -0.389521, 0.297682, 0.435135, 0.853623
2506, 41.7918, 0.972968, 1, 0.149725, 0.416267, -0.89683, -0.0636349, 0.39252, -0.917539, -19.091, -59.7926, 501.778, 0.422886, -0.390675, 0.302286, 0.432244, 0.856462
2507, 41.8084, 0.970875, 1, 0.144037, 0.418008, -0.896952, -0.066107, 0.39217, -0.917514, -19.0235, -58.9301, 500.827, 0.427072, -0.392493, 0.307983, 0.427195, 0.85931
2508, 41.8251, 0.973159, 1, 0.143372, 0.41612, -0.897936, -0.0733134, 0.387402, -0.918991, -19.0688, -57.8693, 500.018, 0.423523, -0.398755, 0.31658, 0.426053, 0.85158
2509, 41.8418, 0.972671, 1, 0.142809, 0.409512, -0.901058, -0.0687574, 0.381925, -0.921632, -19.2029, -56.8675, 500.038, 0.42489, -0.408599, 0.327634, 0.439326, 0.848612
2510, 41.8585, 0.970886, 1, 0.140231, 0.403639, -0.904108, -0.0608449, 0.380873, -0.922623, -19.1793, -55.8711, 498.513, 0.431204, -0.411183, 0.335432, 0.446292, 0.852605
2511, 41.8752, 0.970975, 1, 0.137471, 0.400928, -0.905736, -0.0686685, 0.381356, -0.921874, -18.9885, -55.1443, 498.317, 0.43343, -0.413031, 0.338762, 0.440819, 0.851072
2512, 41.8919, 0.969117, 1, 0.139154, 0.397774, -0.906869, -0.0655063, 0.377933, -0.923512, -18.9491, -54.5848, 498.686, 0.441828, -0.408217, 0.342753, 0.439608, 0.855781
2513, 41.9085, 0.969028, 1, 0.138971, 0.397891, -0.906846, -0.0697951, 0.374252, -0.924697, -18.7948, -54.1008, 498.74, 0.446162, -0.404843, 0.344806, 0.432786, 0.856499
2514, 41.9252, 0.966063, 1, 0.14515, 0.395373, -0.90698, -0.0735731, 0.373157, -0.924846, -18.7208, -53.6093, 498.713, 0.452997, -0.401462, 0.347168, 0.431628, 0.861045
2515, 41.9419, 0.964962, 1, 0.139386, 0.39372, -0.908601, -0.0729482, 0.37364, -0.924701, -18.5967, -53.1909, 498.585, 0.459316, -0.399327, 0.350216, 0.425589, 0.864176
2516, 41.9586, 0.965663, 1, 0.132935, 0.388325, -0.911884, -0.0675907, 0.36997, -0.926582, -18.5845, -52.799, 498.563, 0.467967, -0.399806, 0.353756, 0.427933, 0.866616
2517, 41.9753, 0.968627, 1, 0.139233, 0.392077, -0.909335, -0.0677659, 0.375546, -0.924323, -18.4796, -52.5385, 499.146, 0.468529, -0.398236, 0.354567, 0.428577, 0.873358
2518, 41.992, 0.967205, 1, 0.136711, 0.393538, -0.909086, -0.0702001, 0.373739, -0.924874, -18.4408, -52.448, 500.555, 0.473093, -0.397373, 0.355913, 0.424763, 0.875261
2519, 42.0086, 0.967015, 1, 0.149524, 0.390711, -0.908288, -0.0667588, 0.362907, -0.929431, -18.5086, -52.343, 501.523, 0.472124, -0.395501, 0.354611, 0.436553, 0.871744
2520, 42.0253, 0.964411, 1, 0.145694, 0.388471, -0.90987, -0.065942, 0.360923, -0.930261, -18.4796, -52.3561, 503.109, 0.472072, -0.396597, 0.354549, 0.436094, 0.868351
2521, 42.042, 0.96591, 1, 0.152266, 0.391737, -0.90739, -0.0673262, 0.356624, -0.931819, -18.5847, -52.3627, 503.574, 0.475016, -0.395276, 0.354848, 0.439509, 0.871924
2522, 42.0587, 0.968393, 1, 0.150631, 0.391075, -0.907949, -0.0668679, 0.360275, -0.930447, -18.6649, -52.3174, 503.649, 0.475134, -0.397028, 0.354503, 0.440622, 0.873183
2523, 42.0754, 0.965914, 1, 0.149463, 0.392188, -0.907661, -0.069079, 0.358732, -0.930881, -18.652, -52.2579, 503.028, 0.476383, -0.397246, 0.355706, 0.438358, 0.873314
2524, 42.0921, 0.967787, 1, 0.146458, 0.391191, -0.908581, -0.0671489, 0.361216, -0.930061, -18.7511, -52.2323, 503.23, 0.480035, -0.395301, 0.356229, 0.435652, 0.876518
2525, 42.1087, 0.965508, 1, 0.14241, 0.390475, -0.909532, -0.0658557, 0.363785, -0.929152, -18.8136, -52.1062, 503.355, 0.480585, -0.395696, 0.356804, 0.433814, 0.877049
2526, 42.1254, 0.964496, 1, 0.144153, 0.392436, -0.908413, -0.067564, 0.361217, -0.930031, -18.874, -52.1623, 503.999, 0.478144, -0.395273, 0.355765, 0.43318, 0.874664
2527, 42.1421, 0.966317, 1, 0.149187, 0.391275, -0.908101, -0.0637958, 0.363087, -0.929569, -18.9538, -52.0394, 504.639, 0.477175, -0.396572, 0.355538, 0.441223, 0.876566
2528, 42.1588, 0.964991, 1, 0.155874, 0.394289, -0.905671, -0.0563325, 0.359505, -0.931441, -18.9085, -51.78, 504.063, 0.475953, -0.395217, 0.355172, 0.449452, 0.87869
2529, 42.1755, 0.966767, 1, 0.15009, 0.389708, -0.908626, -0.0594092, 0.358857, -0.9315, -18.8643, -51.5958, 503.749, 0.475261, -0.39724, 0.35638, 0.445501, 0.87329
2530, 42.1922, 0.9661, 1, 0.151598, 0.391007, -0.907817, -0.0613938, 0.357124, -0.932037, -18.9293, -51.4173, 504.542, 0.477823, -0.396011, 0.357884, 0.443874, 0.8749
2531, 42.2088, 0.965142, 1, 0.146206, 0.390035, -0.909118, -0.0601285, 0.350059, -0.934796, -18.876, -51.1916, 505.343, 0.477653, -0.39701, 0.357592, 0.443183, 0.86929
2532, 42.2255, 0.965061, 1, 0.157779, 0.389887, -0.907245, -0.0543341, 0.343391, -0.93762, -18.8609, -50.9638, 506.469, 0.474237, -0.402547, 0.354584, 0.46458, 0.867745
2533, 42.2422, 0.96627, 1, 0.158058, 0.38782, -0.908082, -0.0596591, 0.343497, -0.937257, -18.8001, -50.841, 508.458, 0.472317, -0.409136, 0.354391, 0.46934, 0.863716
2534, 42.2589, 0.969387, 1, 0.159703, 0.385423, -0.908815, -0.0603619, 0.336455, -0.939763, -18.7195, -50.6891, 509.555, 0.468354, -0.411494, 0.350245, 0.474619, 0.855413
2535, 42.2756, 0.968224, 1, 0.160224, 0.388732, -0.907313, -0.060102, 0.339709, -0.938608, -18.6729, -50.6387, 510.163, 0.469045, -0.412884, 0.349675, 0.476887, 0.859375
2536, 42.2923, 0.971284, 1, 0.159859, 0.386536, -0.908314, -0.0603916, 0.333749, -0.940726, -18.4951, -50.5595, 510.51, 0.467816, -0.415404, 0.347607, 0.481279, 0.854245
2537, 42.3089, 0.971233, 1, 0.161383, 0.384068, -0.909092, -0.0541072, 0.333435, -0.941219, -18.3852, -50.6216, 511.011, 0.467153, -0.414645, 0.342882, 0.48802, 0.854153
2538, 42.3256, 0.972831, 1, 0.163588, 0.38241, -0.909396, -0.0547439, 0.331926, -0.941715, -18.3069, -50.6547, 511.453, 0.463023, -0.415276, 0.338949, 0.490786, 0.849322
2539, 42.3423, 0.97276, 1, 0.16432, 0.38008, -0.910241, -0.0506384, 0.330269, -0.942527, -18.2235, -50.7706, 511.563, 0.465015, -0.4158, 0.336731, 0.496446, 0.849963
2540, 42.359, 0.976578, 1, 0.159495, 0.379069, -0.91152, -0.0490304, 0.325549, -0.944253, -18.2397, -50.929, 511.886, 0.463216, -0.418982, 0.332972, 0.500005, 0.844764
2541, 42.3757, 0.974474, 1, 0.163852, 0.37705, -0.911584, -0.0492611, 0.327914, -0.943423, -18.3753, -51.0044, 511.745, 0.464876, -0.419036, 0.329413, 0.504447, 0.847597
2542, 42.3924, 0.975277, 1, 0.168787, 0.377565, -0.91047, -0.0525426, 0.322811, -0.945004, -18.5882, -51.3725, 512.649, 0.46433, -0.41933, 0.324794, 0.50808, 0.84545
2543, 42.409, 0.977769, 1, 0.17111, 0.378005, -0.909854, -0.0533096, 0.322653, -0.945015, -18.9654, -51.5809, 513.004, 0.465812, -0.420677, 0.319801, 0.513661, 0.847606
2544, 42.4257, 0.977846, 1, 0.175054, 0.384314, -0.906454, -0.0400191, 0.33163, -0.94256, -19.3612, -51.7581, 513.831, 0.464272, -0.422738, 0.314311, 0.52922, 0.858878
2545, 42.4424, 0.979078, 1, 0.181556, 0.384046, -0.905288, -0.0391738, 0.333928, -0.941784, -19.8168, -51.9435, 514.035, 0.46833, -0.428344, 0.312191, 0.544195, 0.866207
2546, 42.4591, 0.979387, 1, 0.190595, 0.383143, -0.903812, -0.0301002, 0.339482, -0.940131, -20.414, -52.2377, 513.937, 0.472736, -0.432164, 0.31109, 0.5642, 0.878003
2547, 42.4758, 0.976492, 1, 0.202869, 0.385614, -0.900081, -0.0196581, 0.341963, -0.939508, -21.1288, -52.463, 512.806, 0.473018, -0.427943, 0.306481, 0.577269, 0.887003
2548, 42.4925, 0.975017, 1, 0.204759, 0.379089, -0.902422, 0.00141138, 0.332761, -0.94301, -21.8153, -52.7249, 513.306, 0.475307, -0.432562, 0.303335, 0.602689, 0.88777
2549, 42.5091, 0.974402, 1, 0.202469, 0.377377, -0.903655, -0.00243062, 0.33059, -0.943771, -22.731, -52.9419, 513.793, 0.473195, -0.438699, 0.299906, 0.606857, 0.883429
2550, 42.5258, 0.97376, 1, 0.204129, 0.380559, -0.901946, -0.00302709, 0.337311, -0.941388, -23.6242, -53.0613, 513.558, 0.470353, -0.441689, 0.293343, 0.61358, 0.887269
2551, 42.5425, 0.975531, 1, 0.210001, 0.379513, -0.901038, -0.0130476, 0.341973, -0.939619, -24.4347, -53.2473, 513.937, 0.465975, -0.447252, 0.287909, 0.618631, 0.885711
2552, 42.5592, 0.975423, 1, 0.211536, 0.377501, -0.901524, -0.0124228, 0.340649, -0.940109, -25.4128, -53.538, 514.873, 0.459694, -0.447177, 0.279205, 0.62205, 0.879185
2553, 42.5759, 0.976059, 1, 0.221386, 0.378892, -0.89857, -0.00898956, 0.336834, -0.941521, -26.3748, -53.8814, 516.522, 0.456128, -0.44849, 0.271176, 0.634845, 0.878078
2554, 42.5926, 0.977383, 1, 0.218538, 0.374065, -0.901286, -0.00629448, 0.340502, -0.940223, -27.2727, -54.2217, 517.284, 0.450889, -0.444387, 0.262732, 0.631091, 0.87182
2555, 42.6092, 0.977268, 1, 0.235214, 0.375514, -0.896473, -0.00239123, 0.336653, -0.941626, -28.3503, -54.7471, 518.699, 0.442085, -0.442283, 0.254345, 0.642914, 0.86736
2556, 42.6259, 0.979405, 1, 0.238413, 0.377587, -0.894755, 0.00526245, 0.334459, -0.942396, -29.2465, -55.2118, 519.865, 0.435754, -0.436535, 0.245885, 0.64358, 0.862646
2557, 42.6426, 0.979057, 1, 0.242766, 0.373163, -0.895441, 0.0122181, 0.336815, -0.941492, -30.1063, -55.8714, 521.771, 0.430029, -0.434427, 0.239066, 0.648827, 0.857982
2558, 42.6593, 0.980054, 1, 0.243822, 0.3782, -0.893037, 0.0213532, 0.342436, -0.939298, -30.9468, -56.4959, 523.431, 0.421699, -0.433873, 0.233256, 0.653883, 0.857757
2559, 42.676, 0.981074, 1, 0.253036, 0.371217, -0.893404, 0.0170782, 0.336333, -0.941588, -31.8327, -57.2495, 525.14, 0.420137, -0.43008, 0.228599, 0.653388, 0.849161
2560, 42.6927, 0.979512, 1, 0.254973, 0.370629, -0.893097, 0.0374601, 0.330609, -0.943024, -32.5088, -57.9629, 526.418, 0.410205, -0.428649, 0.223471, 0.664081, 0.841005
2561, 42.7093, 0.980492, 1, 0.256382, 0.370929, -0.892569, 0.030842, 0.333487, -0.94225, -33.0865, -58.6306, 527.748, 0.400946, -0.428361, 0.218047, 0.658745, 0.83262
2562, 42.726, 0.979088, 1, 0.261073, 0.370613, -0.89134, 0.0507819, 0.324276, -0.944599, -33.6654, -59.3517, 529.284, 0.394129, -0.423618, 0.213492, 0.667227, 0.824801
2563, 42.7427, 0.978243, 1, 0.259624, 0.367602, -0.893008, 0.043203, 0.325301, -0.944623, -34.1134, -59.7419, 528.892, 0.388735, -0.425059, 0.211261, 0.661791, 0.816714
2564, 42.7594, 0.978892, 1, 0.255872, 0.370954, -0.892705, 0.0534098, 0.338019, -0.939623, -34.5799, -59.9053, 527.728, 0.385635, -0.426316, 0.209509, 0.666451, 0.823135
2565, 42.7761, 0.977849, 1, 0.246945, 0.376464, -0.892913, 0.0502853, 0.334493, -0.941056, -34.9214, -60.063, 527.008, 0.381411, -0.42989, 0.210759, 0.660642, 0.818128
2566, 42.7928, 0.979066, 1, 0.259573, 0.374397, -0.890196, 0.0571965, 0.340966, -0.938334, -35.4335, -60.0725, 526.56, 0.382344, -0.430541, 0.209997, 0.67453, 0.825463
2567, 42.8094, 0.979948, 1, 0.245557, 0.375926, -0.893522, 0.0561792, 0.346837, -0.936241, -35.8635, -59.8398, 525.284, 0.386482, -0.434524, 0.212332, 0.66966, 0.829385
2568, 42.8261, 0.979577, 1, 0.251675, 0.369993, -0.894296, 0.0549454, 0.340795, -0.938531, -36.3206, -59.5367, 525.303, 0.39375, -0.435175, 0.213336, 0.674344, 0.829846
2569, 42.8428, 0.977429, 1, 0.250841, 0.361798, -0.897876, 0.0532688, 0.334994, -0.940713, -37.1118, -59.0551, 524.781, 0.408724, -0.432315, 0.218881, 0.671429, 0.833766
2570, 42.8595, 0.978203, 1, 0.248675, 0.359526, -0.89939, 0.0512881, 0.337249, -0.940017, -37.6784, -58.221, 522.34, 0.421378, -0.432043, 0.223185, 0.671342, 0.844685
2571, 42.8762, 0.978339, 1, 0.242535, 0.363976, -0.899276, 0.0488569, 0.338204, -0.939804, -38.3471, -57.583, 521.55, 0.430338, -0.426499, 0.224617, 0.661761, 0.852644
2572, 42.8929, 0.978316, 1, 0.251208, 0.351448, -0.901875, 0.0552201, 0.335119, -0.940556, -39.1977, -57.0166, 521.85, 0.435298, -0.421412, 0.223483, 0.666147, 0.850721
2573, 42.9095, 0.97744, 1, 0.245301, 0.353513, -0.902694, 0.0604903, 0.33755, -0.939362, -39.8822, -56.4308, 521.408, 0.439287, -0.414495, 0.22057, 0.660177, 0.855867
2574, 42.9262, 0.976052, 1, 0.2515, 0.338802, -0.906621, 0.0604095, 0.3269, -0.943126, -40.7905, -55.7957, 521.159, 0.442922, -0.40682, 0.218418, 0.655313, 0.845475
2575, 42.9429, 0.973621, 1, 0.246831, 0.340656, -0.907209, 0.0641085, 0.320271, -0.945154, -41.6589, -55.2006, 521.022, 0.442549, -0.399919, 0.215111, 0.646333, 0.840709
2576, 42.9596, 0.974225, 1, 0.249362, 0.343717, -0.90536, 0.0672873, 0.318986, -0.945368, -42.4476, -54.6446, 520.327, 0.438777, -0.393448, 0.210658, 0.643028, 0.838932
2577, 42.9763, 0.972047, 1, 0.253601, 0.340471, -0.90541, 0.065135, 0.321216, -0.944763, -43.3847, -54.3024, 520.382, 0.433964, -0.385445, 0.207758, 0.634508, 0.833692
2578, 42.993, 0.973231, 1, 0.260958, 0.324558, -0.909155, 0.0707424, 0.319662, -0.944887, -44.2711, -54.2017, 521.159, 0.433055, -0.378512, 0.204671, 0.635031, 0.825335
2579, 43.0096, 0.972616, 1, 0.267227, 0.320975, -0.908606, 0.078215, 0.313637, -0.946316, -45.2397, -54.2757, 522.549, 0.423451, -0.369843, 0.198573, 0.631684, 0.811752
2580, 43.0263, 0.968223, 1, 0.258404, 0.348855, -0.900849, 0.0672081, 0.314555, -0.946857, -46.2643, -54.8635, 525.345, 0.407839, -0.356405, 0.191432, 0.600811, 0.806267
2581, 43.043, 0.965743, 1, 0.267894, 0.352853, -0.896509, 0.0689728, 0.315017, -0.946576, -47.0286, -55.688, 529.217, 0.386545, -0.351285, 0.181358, 0.598968, 0.789957
2582, 43.0597, 0.970093, 1, 0.261646, 0.358644, -0.896056, 0.074534, 0.317768, -0.945235, -47.8296, -56.5579, 532.977, 0.370851, -0.341424, 0.171065, 0.585518, 0.777968
2583, 43.0764, 0.970283, 1, 0.268289, 0.357925, -0.894377, 0.0589331, 0.324039, -0.944206, -48.6022, -57.1056, 534.83, 0.356784, -0.329275, 0.161378, 0.56538, 0.765333
2584, 43.0931, 0.971196, 1, 0.263458, 0.364457, -0.893175, 0.0394521, 0.347024, -0.937026, -49.542, -57.5575, 537.09, 0.343459, -0.318602, 0.149485, 0.53783, 0.762869
2585, 43.1097, 0.979028, 1, 0.280501, 0.341806, -0.896932, -0.0116438, 0.354617, -0.934939, -50.9055, -58.2186, 543.187, 0.334017, -0.316625, 0.137891, 0.513256, 0.739187
2586, 43.1264, 0.978434, 1, 0.279012, 0.328355, -0.902405, -0.0152842, 0.330398, -0.943718, -52.1357, -58.7262, 548.066, 0.330739, -0.309029, 0.128059, 0.501436, 0.712294
3203, 53.42, 0.968458, 1, 0.255888, 0.355729, -0.898876, 0.0622386, 0.38907, -0.919103, -69.0094, -58.5672, 517.281, 0.225804, -0.208353, -0.247532, 0.533001, 0.600684
3204, 53.4367, 0.967312, 1, 0.25015, 0.356262, -0.900279, 0.0573124, 0.389574, -0.91921, -69.0575, -58.5368, 517.846, 0.22641, -0.209815, -0.246707, 0.52915, 0.602801
3205, 53.4534, 0.968769, 1, 0.240046, 0.351238, -0.904991, 0.0640642, 0.377836, -0.923653, -68.7723, -58.2804, 516.733, 0.22476, -0.20886, -0.247044, 0.521223, 0.590629
3206, 53.4701, 0.968267, 1, 0.222293, 0.352413, -0.90906, 0.0671803, 0.372079, -0.925767, -68.5959, -58.1657, 516.372, 0.222518, -0.210126, -0.246643, 0.512817, 0.585858
3207, 53.4868, 0.967635, 1, 0.229456, 0.352968, -0.907063, 0.0632012, 0.37167, -0.926211, -68.5876, -58.1339, 516.626, 0.219236, -0.209933, -0.245688, 0.514321, 0.583842
3208, 53.5035, 0.967669, 1, 0.222282, 0.348602, -0.910531, 0.0649283, 0.361708, -0.930028, -68.4599, -58.0019, 516.485, 0.21979, -0.211088, -0.24397, 0.509098, 0.576624
3209, 53.5201, 0.965692, 1, 0.251118, 0.335254, -0.908044, 0.0590436, 0.35964, -0.931221, -68.4083, -57.8411, 516.379, 0.213585, -0.211501, -0.243547, 0.518408, 0.560784
3210, 53.5368, 0.968213, 1, 0.264492, 0.318629, -0.910231, 0.0642936, 0.358785, -0.931203, -68.4379, -57.8612, 517.147, 0.215144, -0.211963, -0.24424, 0.525024, 0.550647
3211, 53.5535, 0.963555, 1, 0.293907, 0.315576, -0.902236, 0.0668105, 0.362737, -0.929493, -68.4024, -57.836, 517.886, 0.217682, -0.212192, -0.242196, 0.543959, 0.553889
3212, 53.5702, 0.961474, 1, 0.310458, 0.314818, -0.896943, 0.066954, 0.36003, -0.930535, -68.4107, -57.7383, 518.097, 0.225334, -0.212152, -0.239202, 0.552925, 0.559307
3213, 53.5869, 0.963456, 1, 0.320823, 0.31311, -0.893887, 0.0674203, 0.360451, -0.930339, -68.3605, -57.6703, 518.082, 0.222876, -0.209982, -0.238497, 0.555841, 0.555976
3214, 53.6036, 0.962608, 1, 0.311637, 0.307665, -0.899013, 0.074012, 0.352957, -0.932708, -68.324, -57.5828, 518.214, 0.227476, -0.210732, -0.236569, 0.552309, 0.55301
3215, 53.6202, 0.961683, 1, 0.292503, 0.306647, -0.905765, 0.0756257, 0.350536, -0.933491, -68.1455, -57.3327, 517.218, 0.228782, -0.210796, -0.235323, 0.541493, 0.553095
3216, 53.6369, 0.963154, 1, 0.282771, 0.304477, -0.909579, 0.0763089, 0.349873, -0.933684, -68.1491, -57.27, 517.229, 0.230675, -0.209647, -0.235109, 0.534776, 0.553418
3217, 53.6536, 0.963517, 1, 0.274014, 0.302597, -0.912881, 0.0768541, 0.344517, -0.935629, -68.074, -57.0943, 516.975, 0.232834, -0.207577, -0.23528, 0.526481, 0.551131
3218, 53.6703, 0.965806, 1, 0.268859, 0.303106, -0.914244, 0.071264, 0.347378, -0.935013, -68.0311, -56.9776, 516.554, 0.232175, -0.20729, -0.233931, 0.521134, 0.55352
3219, 53.687, 0.963839, 1, 0.265228, 0.305752, -0.914423, 0.0731479, 0.347556, -0.934802, -67.9919, -56.8303, 516.119, 0.231914, -0.210621, -0.232831, 0.52434, 0.555501
3220, 53.7037, 0.962762, 1, 0.268958, 0.304056, -0.913899, 0.0666989, 0.350306, -0.934258, -67.9388, -56.6065, 515.547, 0.230544, -0.208881, -0.230099, 0.521023, 0.555875
3221, 53.7203, 0.961345, 1, 0.264294, 0.310118, -0.913223, 0.0721282, 0.343468, -0.936391, -67.9872, -56.4851, 515.684, 0.22788, -0.208271, -0.228544, 0.519894, 0.553152
3222, 53.737, 0.962907, 1, 0.274066, 0.300092, -0.913692, 0.0724201, 0.341235, -0.937184, -67.8599, -56.3839, 515.224, 0.223153, -0.209446, -0.22856, 0.523881, 0.541384
3223, 53.7537, 0.961118, 1, 0.285715, 0.304729, -0.908575, 0.0724988, 0.348746, -0.934409, -67.9573, -56.3599, 515.759, 0.227332, -0.208957, -0.22629, 0.533134, 0.552848
3224, 53.7704, 0.952387, 1, 0.333779, 0.294415, -0.895495, 0.0813163, 0.358299, -0.930059, -68.009, -56.5347, 518.098, 0.228433, -0.210129, -0.22334, 0.566966, 0.553144
3225, 53.7871, 0.951231, 1, 0.315665, 0.301083, -0.899836, 0.093893, 0.349538, -0.932206, -67.7468, -56.4734, 517.786, 0.222133, -0.209715, -0.222419, 0.562405, 0.545537
3226, 53.8038, 0.947575, 1, 0.297885, 0.294886, -0.907913, 0.107828, 0.342843, -0.933184, -67.8604, -56.6488, 520.204, 0.22789, -0.208644, -0.219379, 0.55636, 0.543768
3227, 53.8204, 0.946007, 1, 0.317334, 0.292554, -0.902059, 0.121384, 0.346402, -0.9302, -67.8054, -56.64, 520.741, 0.23098, -0.210244, -0.218178, 0.577183, 0.546873
3228, 53.8371, 0.94441, 1, 0.331874, 0.283727, -0.899643, 0.13433, 0.362701, -0.922173, -67.5359, -56.4691, 518.784, 0.229537, -0.209416, -0.217281, 0.593958, 0.550824
3229, 53.8538, 0.938074, 1, 0.33271, 0.28735, -0.898183, 0.14086, 0.353376, -0.924816, -67.6062, -56.4268, 520.101, 0.233395, -0.21084, -0.216163, 0.598699, 0.550452
3230, 53.8705, 0.945823, 1, 0.345793, 0.269032, -0.898916, 0.138611, 0.33453, -0.932135, -67.4256, -56.2364, 520.494, 0.229171, -0.212259, -0.218584, 0.597588, 0.523625
3231, 53.8872, 0.940959, 1, 0.331721, 0.274671, -0.902506, 0.139835, 0.331953, -0.932874, -67.5513, -56.3192, 522.023, 0.232871, -0.21256, -0.219331, 0.591317, 0.528173
3232, 53.9039, 0.940525, 1, 0.326479, 0.282384, -0.902037, 0.144424, 0.333653, -0.931567, -67.3832, -56.1261, 521.598, 0.236844, -0.212991, -0.220152, 0.594459, 0.537768
3233, 53.9205, 0.943145, 1, 0.339442, 0.270977, -0.90075, 0.145177, 0.357884, -0.922411, -67.0862, -55.6979, 519.039, 0.232511, -0.207715, -0.221542, 0.599547, 0.541172
3234, 53.9372, 0.938459, 1, 0.329634, 0.286405, -0.899618, 0.146098, 0.356844, -0.922669, -66.8604, -55.6604, 519.145, 0.227152, -0.209593, -0.221085, 0.599279, 0.544807
3235, 53.9539, 0.938828, 1, 0.314043, 0.278366, -0.907684, 0.146878, 0.340522, -0.928693, -66.9498, -55.7331, 521.625, 0.2352, -0.216935, -0.221164, 0.594075, 0.538023
3236, 53.9706, 0.942137, 1, 0.327901, 0.289077, -0.899397, 0.147613, 0.344274, -0.927192, -66.5664, -55.4983, 520.066, 0.232763, -0.217745, -0.221252, 0.605945, 0.544339
3237, 53.9873, 0.948066, 1, 0.318535, 0.263724, -0.910486, 0.147123, 0.361156, -0.920826, -66.3374, -55.4278, 519.535, 0.233534, -0.219882, -0.222536, 0.601409, 0.542019
3238, 54.004, 0.941897, 1, 0.323504, 0.274401, -0.905566, 0.143019, 0.365719, -0.919671, -66.0399, -55.3868, 519.177, 0.232581, -0.219825, -0.22417, 0.605266, 0.549536
3239, 54.0206, 0.942389, 1, 0.331062, 0.271179, -0.903803, 0.129431, 0.367926, -0.920803, -65.8619, -55.4983, 519.829, 0.229857, -0.227956, -0.223743, 0.610943, 0.547908
3240, 54.0373, 0.945455, 1, 0.330475, 0.270022, -0.904364, 0.143866, 0.363134, -0.920563, -65.6426, -55.432, 519.964, 0.230961, -0.229862, -0.224015, 0.618853, 0.544785
3241, 54.054, 0.947838, 1, 0.329243, 0.268136, -0.905374, 0.132424, 0.36675, -0.920846, -65.4955, -55.5845, 520.742, 0.232146, -0.2327, -0.223202, 0.616333, 0.548208
3242, 54.0707, 0.94773, 1, 0.331583, 0.274328, -0.902661, 0.129598, 0.370528, -0.919735, -65.0675, -55.6322, 520.13, 0.229169, -0.23783, -0.222439, 0.623333, 0.552743
3243, 54.0874, 0.950232, 1, 0.329712, 0.27381, -0.903503, 0.127499, 0.371662, -0.919571, -64.9661, -55.5991, 519.847, 0.227938, -0.237383, -0.221133, 0.620613, 0.55249
3244, 54.1041, 0.948614, 1, 0.329689, 0.276609, -0.902659, 0.127599, 0.3696, -0.920388, -64.5574, -55.6436, 519.169, 0.227326, -0.243927, -0.22079, 0.627684, 0.553535
3245, 54.1207, 0.951195, 1, 0.325193, 0.276122, -0.904437, 0.12811, 0.372167, -0.919282, -64.4937, -55.8455, 519.914, 0.226792, -0.246242, -0.219184, 0.627845, 0.555385
3246, 54.1374, 0.947929, 1, 0.32852, 0.270679, -0.90488, 0.136318, 0.365599, -0.920736, -64.4129, -55.8523, 519.736, 0.229681, -0.248357, -0.21815, 0.633264, 0.550201
3247, 54.1541, 0.951361, 1, 0.32616, 0.280985, -0.902589, 0.132398, 0.366558, -0.920926, -64.224, -56.0468, 519.545, 0.227135, -0.248655, -0.216578, 0.632787, 0.555825
3248, 54.1708, 0.951247, 1, 0.331536, 0.275505, -0.90232, 0.128297, 0.373378, -0.918765, -64.2372, -56.2315, 519.554, 0.227023, -0.249643, -0.214776, 0.634675, 0.557678
3249, 54.1875, 0.948292, 1, 0.333208, 0.272473, -0.902624, 0.123891, 0.363891, -0.923165, -64.1691, -56.1971, 519.028, 0.229365, -0.250244, -0.214414, 0.630838, 0.552052
3250, 54.2042, 0.951696, 1, 0.336158, 0.273022, -0.901364, 0.122043, 0.375119, -0.918908, -64.1515, -56.3382, 519.354, 0.226498, -0.246107, -0.214977, 0.629255, 0.556319
3251, 54.2208, 0.954495, 1, 0.333245, 0.278448, -0.900786, 0.121828, 0.373272, -0.919688, -64.257, -56.3776, 519.537, 0.226587, -0.243901, -0.21403, 0.62559, 0.55842
3252, 54.2375, 0.953747, 1, 0.333381, 0.276006, -0.901487, 0.126755, 0.371834, -0.919604, -64.2289, -56.3556, 519.379, 0.228032, -0.241903, -0.214304, 0.624968, 0.556579
3253, 54.2542, 0.958795, 1, 0.333318, 0.279224, -0.900518, 0.124712, 0.375331, -0.918463, -64.2545, -56.3665, 519.27, 0.227292, -0.239488, -0.215092, 0.622761, 0.560003
3254, 54.2709, 0.957211, 1, 0.336515, 0.27993, -0.899109, 0.140471, 0.367621, -0.919306, -64.2742, -56.2217, 518.587, 0.227037, -0.236628, -0.215125, 0.628179, 0.554137
3255, 54.2876, 0.956429, 1, 0.333623, 0.280872, -0.899893, 0.136922, 0.37095, -0.918503, -64.4685, -56.1771, 518.901, 0.231062, -0.233001, -0.214109, 0.62162, 0.560071
3256, 54.3043, 0.955112, 1, 0.331942, 0.283494, -0.899692, 0.142574, 0.369869, -0.918079, -64.5009, -56.0848, 519.089, 0.230612, -0.227137, -0.215835, 0.617336, 0.559053
3257, 54.3209, 0.955245, 1, 0.336692, 0.281044, -0.898695, 0.14038, 0.369335, -0.918632, -64.4446, -55.9215, 518.931, 0.23203, -0.227183, -0.216686, 0.6184, 0.558219
3258, 54.3376, 0.953923, 1, 0.339089, 0.285301, -0.89645, 0.143472, 0.373451, -0.916488, -64.42, -55.8926, 518.568, 0.231876, -0.226799, -0.215823, 0.622616, 0.563109
3259, 54.3543, 0.953079, 1, 0.336872, 0.276239, -0.900116, 0.143907, 0.367259, -0.918919, -64.4367, -55.7774, 518.928, 0.235788, -0.226487, -0.216141, 0.618395, 0.557153
3260, 54.371, 0.950721, 1, 0.335364, 0.278529, -0.899974, 0.145872, 0.371952, -0.916719, -64.3081, -55.5959, 518.711, 0.237448, -0.225406, -0.214947, 0.619205, 0.5634
3261, 54.3877, 0.956511, 1, 0.334739, 0.281203, -0.899374, 0.150524, 0.369207, -0.917076, -64.435, -55.6689, 519.655, 0.237314, -0.222984, -0.215066, 0.618297, 0.562577
3262, 54.4044, 0.957641, 1, 0.335448, 0.280658, -0.899281, 0.14374, 0.369548, -0.918027, -64.2374, -55.4471, 519.565, 0.241098, -0.22325, -0.215158, 0.615547, 0.566111
3263, 54.421, 0.956232, 1, 0.338153, 0.292094, -0.894614, 0.138908, 0.372956, -0.917392, -64.0087, -55.368, 519.353, 0.241522, -0.223601, -0.214937, 0.619075, 0.576125
3264, 54.4377, 0.956506, 1, 0.337068, 0.290102, -0.895671, 0.136178, 0.3696, -0.919158, -63.7796, -55.2521, 519.292, 0.240707, -0.229909, -0.215262, 0.621997, 0.57295
3265, 54.4544, 0.95915, 1, 0.331555, 0.284374, -0.899557, 0.124598, 0.365633, -0.922381, -63.7034, -55.1974, 519.777, 0.244067, -0.23118, -0.214326, 0.611489, 0.570532
3266, 54.4711, 0.960004, 1, 0.331486, 0.280754, -0.900719, 0.121785, 0.360614, -0.92473, -63.5032, -55.2733, 519.735, 0.247396, -0.237225, -0.213237, 0.614624, 0.569422
5222, 87.1037, 0.977887, 1, 0.21812, 0.457111, -0.862249, -0.0369356, 0.421339, -0.906151, -42.9874, -75.6539, 522.569, 0.309745, -0.290251, 0.14557, 0.405221, 0.801287
5223, 87.1204, 0.975042, 1, 0.218723, 0.458054, -0.861595, -0.0380044, 0.422858, -0.905399, -42.9626, -75.4277, 522.433, 0.309893, -0.289522, 0.14648, 0.404372, 0.802806
5224, 87.1371, 0.976835, 1, 0.218707, 0.453769, -0.863864, -0.0394566, 0.420769, -0.906309, -42.859, -75.226, 522.673, 0.314508, -0.289626, 0.146381, 0.404663, 0.80369
5225, 87.1537, 0.975385, 1, 0.205643, 0.447314, -0.870414, -0.0362651, 0.414036, -0.909538, -42.8107, -75.1272, 523.238, 0.315096, -0.288966, 0.146297, 0.397674, 0.795299
5226, 87.1704, 0.976869, 1, 0.223276, 0.451122, -0.864081, -0.0376705, 0.41483, -0.909119, -42.7794, -75.0973, 523.243, 0.316226, -0.289056, 0.147909, 0.40879, 0.80208
5227, 87.1871, 0.977337, 1, 0.21259, 0.447579, -0.868607, -0.0356401, 0.411147, -0.910872, -42.6438, -75.1161, 523.394, 0.31093, -0.287125, 0.145207, 0.401277, 0.79185
5228, 87.2038, 0.982616, 1, 0.212995, 0.442122, -0.871299, -0.0378242, 0.407117, -0.912593, -42.3258, -75.1289, 523.262, 0.298533, -0.290755, 0.139147, 0.405839, 0.77617
5229, 87.2205, 0.982331, 1, 0.212591, 0.442211, -0.871352, -0.038295, 0.409106, -0.911683, -41.9982, -75.3094, 523.586, 0.295458, -0.288167, 0.135282, 0.404255, 0.775862
5230, 87.2372, 0.980562, 1, 0.221985, 0.441473, -0.869381, -0.0388496, 0.408116, -0.912103, -41.7601, -75.4577, 523.87, 0.290716, -0.291269, 0.13098, 0.415782, 0.772578
5231, 87.2538, 0.982128, 1, 0.217436, 0.435345, -0.873611, -0.0379954, 0.408352, -0.912034, -41.3784, -75.6006, 524.311, 0.290242, -0.294393, 0.128697, 0.418026, 0.768626
5232, 87.2705, 0.983354, 1, 0.212946, 0.43322, -0.875771, -0.0374419, 0.409021, -0.911757, -41.1645, -75.6612, 524.114, 0.291097, -0.295189, 0.127463, 0.417231, 0.767947
5233, 87.2872, 0.983382, 1, 0.2159, 0.426555, -0.878316, -0.0333606, 0.409793, -0.911568, -40.8267, -75.6986, 524.325, 0.288548, -0.29772, 0.126913, 0.425269, 0.764127
5234, 87.3039, 0.984599, 1, 0.227667, 0.432197, -0.872567, -0.0320866, 0.413254, -0.910051, -40.5814, -75.5183, 523.341, 0.284904, -0.299339, 0.12518, 0.436563, 0.769158
5235, 87.3206, 0.98384, 1, 0.231706, 0.416172, -0.879269, -0.0289711, 0.410715, -0.911303, -40.6269, -75.706, 524.657, 0.287733, -0.303727, 0.125664, 0.44744, 0.763296
5236, 87.3373, 0.983418, 1, 0.231531, 0.414433, -0.880136, -0.0306306, 0.410733, -0.911241, -40.3627, -75.6415, 524.615, 0.284572, -0.308644, 0.124342, 0.452262, 0.760206
5237, 87.3539, 0.983623, 1, 0.228742, 0.421298, -0.877602, -0.0314025, 0.410972, -0.911107, -40.4201, -75.7053, 524.587, 0.282912, -0.310925, 0.123186, 0.452973, 0.762118
5238, 87.3706, 0.982946, 1, 0.221996, 0.417951, -0.880928, -0.0305648, 0.411325, -0.910976, -40.4737, -75.7549, 524.997, 0.286611, -0.311066, 0.125627, 0.449224, 0.762839
5239, 87.3873, 0.983359, 1, 0.219782, 0.428259, -0.876522, -0.0349167, 0.4119, -0.91056, -40.4397, -75.779, 524.22, 0.28543, -0.311405, 0.123742, 0.44603, 0.7668
5240, 87.404, 0.982037, 1, 0.225289, 0.427838, -0.875328, -0.0385228, 0.409189, -0.911636, -40.5771, -75.9143, 524.277, 0.286961, -0.312097, 0.123223, 0.448738, 0.76716
5241, 87.4207, 0.982734, 1, 0.226036, 0.41909, -0.879358, -0.03707, 0.40791, -0.912269, -40.6626, -76.0278, 525.115, 0.290313, -0.312633, 0.123719, 0.451208, 0.764834
5242, 87.4374, 0.981435, 1, 0.226164, 0.421039, -0.878394, -0.0399489, 0.407579, -0.912296, -40.899, -76.3366, 525.872, 0.291214, -0.313062, 0.124365, 0.450005, 0.765854
5243, 87.454, 0.98018, 1, 0.208524, 0.424643, -0.88102, -0.0327828, 0.412962, -0.910158, -40.8979, -76.4966, 525.542, 0.288567, -0.311966, 0.122433, 0.442071, 0.765787
5244, 87.4707, 0.978461, 1, 0.214963, 0.410484, -0.886168, -0.0435338, 0.408472, -0.911732, -41.1299, -77.0117, 527.43, 0.295205, -0.313937, 0.125141, 0.441785, 0.761633
5245, 87.4874, 0.976846, 1, 0.216101, 0.402695, -0.889459, -0.035596, 0.405413, -0.91344, -41.4256, -77.4837, 528.209, 0.298774, -0.30861, 0.126631, 0.441347, 0.759356
5246, 87.5041, 0.981042, 1, 0.218251, 0.415571, -0.882987, -0.032884, 0.407247, -0.912726, -41.5615, -77.7391, 526.917, 0.297279, -0.301773, 0.127872, 0.435299, 0.76623
5765, 96.1627, 0.978941, 1, 0.195039, 0.400556, -0.895273, -0.0729869, 0.389013, -0.918336, -26.6215, -63.2857, 516.863, 0.392977, -0.432779, 0.306824, 0.49871, 0.830249
5766, 96.1794, 0.979305, 1, 0.202024, 0.396513, -0.895524, -0.076683, 0.382017, -0.920968, -27.5832, -61.8346, 519.416, 0.405398, -0.412278, 0.30279, 0.480885, 0.835548
5767, 96.1961, 0.977451, 1, 0.20662, 0.399262, -0.893252, -0.0742441, 0.382263, -0.921066, -28.7987, -60.2545, 522.258, 0.421414, -0.389884, 0.299815, 0.462812, 0.851846
5768, 96.2128, 0.975359, 1, 0.202768, 0.384939, -0.900393, -0.0912184, 0.364539, -0.926709, -30.2233, -58.2225, 525.344, 0.451978, -0.371088, 0.300506, 0.433644, 0.856027
5769, 96.2295, 0.972417, 1, 0.211891, 0.374091, -0.902861, -0.090096, 0.358725, -0.929085, -31.7822, -55.9533, 528.75, 0.477191, -0.349673, 0.29848, 0.422725, 0.871769
5770, 96.2462, 0.966421, 1, 0.211706, 0.366934, -0.905837, -0.0833333, 0.358625, -0.929755, -33.6281, -53.3063, 532.116, 0.513178, -0.322081, 0.298401, 0.401208, 0.89904
5771, 96.2628, 0.957299, 1, 0.226349, 0.352425, -0.908054, -0.0880004, 0.347029, -0.933717, -34.9415, -50.6813, 534.714, 0.541687, -0.30114, 0.292516, 0.394123, 0.914646
5772, 96.2795, 0.955693, 1, 0.228449, 0.348134, -0.909183, -0.089246, 0.334871, -0.938028, -36.352, -47.8299, 536.136, 0.577086, -0.274811, 0.285307, 0.37327, 0.937896
5773, 96.2962, 0.946519, 1, 0.237429, 0.326911, -0.914744, -0.0873986, 0.328849, -0.94033, -38.0131, -44.9253, 537.698, 0.618624, -0.248772, 0.278291, 0.363829, 0.964449
5774, 96.3129, 0.933621, 1, 0.253692, 0.327272, -0.910238, -0.0720367, 0.313241, -0.946938, -39.7478, -41.7293, 537.201, 0.665595, -0.215157, 0.270345, 0.363828, 1.00651
5775, 96.3296, 0.910863, 1, 0.27771, 0.332322, -0.901354, -0.0442904, 0.318122, -0.947015, -42.225, -39.6129, 544.628, 0.688615, -0.187704, 0.265521, 0.375716, 1.03996
5776, 96.3463, 0.902572, 1, 0.283168, 0.319063, -0.904442, -0.0215177, 0.315801, -0.948581, -45.1605, -37.3318, 552.419, 0.741939, -0.181195, 0.26971, 0.420698, 1.08894
5777, 96.3629, 0.91719, 1, 0.287807, 0.302285, -0.90873, -0.0213057, 0.299783, -0.953769, -47.8023, -33.9862, 548.254, 0.813246, -0.148801, 0.283892, 0.401001, 1.14268
5778, 96.3796, 0.922749, 1, 0.28559, 0.290242, -0.913345, -0.0224622, 0.28738, -0.957553, -49.4139, -30.8949, 540.455, 0.850918, -0.124135, 0.287766, 0.368241, 1.16777
5779, 96.3963, 0.923292, 1, 0.292933, 0.284498, -0.912826, -0.00711248, 0.293282, -0.956, -50.9673, -28.266, 538.288, 0.86989, -0.107676, 0.287773, 0.376688, 1.19057
5780, 96.413, 0.911102, 1, 0.298321, 0.277169, -0.913336, 0.00907202, 0.295333, -0.955351, -52.5559, -26.0481, 538.202, 0.886173, -0.0969127, 0.284737, 0.396838, 1.20727
5781, 96.4297, 0.912834, 1, 0.311697, 0.279876, -0.908028, -0.00691612, 0.288795, -0.957366, -53.7568, -23.5575, 531.713, 0.912183, -0.0752766, 0.279639, 0.370258, 1.2313
5782, 96.4464, 0.903809, 1, 0.319722, 0.282786, -0.904329, -0.00865542, 0.288333, -0.957491, -55.1563, -21.7171, 528.629, 0.930399, -0.0605152, 0.27409, 0.365536, 1.25121
5783, 96.463, 0.910503, 1, 0.308726, 0.2712, -0.911668, -0.00590088, 0.286755, -0.957986, -56.1102, -19.5952, 522.917, 0.954062, -0.0539875, 0.269999, 0.360566, 1.26628
5784, 96.4797, 0.906232, 1, 0.318923, 0.281073, -0.905144, -0.00725434, 0.296046, -0.955146, -57.1779, -18.1342, 520.981, 0.968412, -0.0464735, 0.261913, 0.382444, 1.29146
5785, 96.4964, 0.894099, 1, 0.313755, 0.267295, -0.911104, -0.0114098, 0.295372, -0.955314, -58.6623, -17.174, 521.874, 0.983033, -0.0402634, 0.259359, 0.365729, 1.29689
5786, 96.5131, 0.874366, 1, 0.330426, 0.2867, -0.899234, -0.0136832, 0.31709, -0.948297, -60.4279, -16.9294, 528.848, 0.986617, -0.0399738, 0.256709, 0.414957, 1.32566
5787, 96.5298, 0.870263, 1, 0.336616, 0.270348, -0.901999, -0.0186188, 0.318852, -0.947622, -61.3081, -15.5417, 525.111, 1.00723, -0.0317585, 0.250999, 0.422059, 1.33821
5788, 96.5465, 0.884623, 1, 0.346496, 0.270648, -0.898159, -0.0184082, 0.319571, -0.947384, -62.4657, -14.3428, 521.967, 1.0288, -0.0200054, 0.236557, 0.455231, 1.36089
5789, 96.5631, 0.884443, 1, 0.348364, 0.249862, -0.903444, -0.016374, 0.316899, -0.948318, -63.3937, -13.1957, 520.931, 1.04356, -0.0155038, 0.227733, 0.472944, 1.3629
5790, 96.5798, 0.865829, 1, 0.352155, 0.255044, -0.900522, -0.000695759, 0.317663, -0.948204, -64.1998, -12.1614, 517.872, 1.05421, -0.0106583, 0.216727, 0.536456, 1.37792
5791, 96.5965, 0.847139, 1, 0.359702, 0.244031, -0.900591, 0.00823089, 0.30892, -0.951052, -64.9062, -10.907, 513.638, 1.06937, -0.00119618, 0.204448, 0.56987, 1.38306
5792, 96.6132, 0.837312, 1, 0.35733, 0.229444, -0.905357, 0.00558443, 0.302444, -0.953151, -66.0205, -10.0856, 514.291, 1.07643, 0.000445319, 0.197885, 0.559697, 1.37852
5793, 96.6299, 0.842981, 1, 0.371118, 0.238001, -0.897567, 0.0091452, 0.307866, -0.951386, -66.7307, -8.74133, 509.874, 1.08422, 0.00422344, 0.189578, 0.626121, 1.39483
5794, 96.6466, 0.799706, 1, 0.371874, 0.23309, -0.898543, 0.00474863, 0.302422, -0.953162, -67.3263, -7.75353, 507.697, 1.09154, 0.00559018, 0.181264, 0.630077, 1.39515
5795, 96.6632, 0.795001, 1, 0.381964, 0.231393, -0.89474, 0.00347364, 0.284784, -0.958585, -68.1844, -6.87559, 505.929, 1.09494, 0.0116817, 0.164714, 0.631226, 1.38702
5796, 96.6799, 0.779282, 1, 0.382957, 0.224746, -0.896009, 0.015299, 0.288047, -0.957494, -68.7258, -5.99921, 503.045, 1.09951, 0.00870801, 0.154841, 0.682397, 1.38946
5797, 96.6966, 0.789974, 1, 0.386693, 0.21575, -0.896616, 0.00958284, 0.279683, -0.960045, -69.2081, -5.26788, 500.382, 1.10809, 0.0122246, 0.141838, 0.679216, 1.38678
5798, 96.7133, 0.778592, 1, 0.37908, 0.214729, -0.900105, 0.0156127, 0.276988, -0.960747, -70.1253, -4.63564, 502.817, 1.10834, 0.0106485, 0.137887, 0.679004, 1.38357
5799, 96.73, 0.771268, 1, 0.368524, 0.183451, -0.911337, 0.0216933, 0.273021, -0.961763, -70.3219, -3.96912, 501.819, 1.11581, 0.00702001, 0.128112, 0.666159, 1.37026
5800, 96.7467, 0.749077, 1, 0.378989, 0.190206, -0.905643, 0.0163404, 0.27023, -0.962657, -70.1025, -3.32622, 500.464, 1.1187, -0.000939588, 0.118835, 0.716943, 1.37464
5801, 96.7633, 0.781785, 1, 0.392363, 0.187823, -0.90043, 0.0174317, 0.26569, -0.963901, -70.0298, -2.76482, 500.729, 1.11899, -0.00641052, 0.103777, 0.756391, 1.37062
5802, 96.78, 0.813045, 1, 0.369077, 0.164277, -0.914765, 0.0197876, 0.253725, -0.967074, -68.8209, -1.9092, 495.433, 1.12183, -0.017597, 0.0840915, 0.727062, 1.35019
5803, 96.7967, 0.822297, 1, 0.355102, 0.148308, -0.922988, 0.0256888, 0.242654, -0.969773, -68.3461, -1.13065, 495.702, 1.11219, -0.0289692, 0.0591478, 0.702615, 1.32119
5804, 96.8134, 0.806492, 1, 0.325976, 0.14302, -0.934497, 0.0113127, 0.225787, -0.974111, -68.6466, -0.630413, 502.389, 1.09892, -0.0431935, 0.0364456, 0.640706, 1.2904
5805, 96.8301, 0.767415, 1, 0.334375, 0.138565, -0.932198, 0.0151073, 0.227634, -0.97363, -69.2315, 0.0722019, 511.495, 1.08288, -0.0651296, 0.0131855, 0.684459, 1.26978
5806, 96.8468, 0.779514, 1, 0.366602, 0.156833, -0.917064, -0.00634897, 0.231153, -0.972897, -69.1416, 0.109086, 517.675, 1.069, -0.0823543, -0.00768824, 0.733725, 1.26477
5807, 96.8634, 0.793247, 1, 0.370098, 0.164893, -0.914242, 0.0149325, 0.230655, -0.972921, -69.0915, 0.0259217, 521.316, 1.05939, -0.0938828, -0.0178432, 0.771654, 1.25759
5808, 96.8801, 0.817516, 1, 0.344669, 0.160869, -0.924838, -0.00611205, 0.23401, -0.972215, -69.2529, -0.00151867, 524.669, 1.05287, -0.102359, -0.0280123, 0.732352, 1.24817
5809, 96.8968, 0.805806, 1, 0.368896, 0.167408, -0.91427, 0.00139513, 0.235544, -0.971863, -68.9547, -0.0697712, 527.364, 1.04869, -0.114494, -0.0328927, 0.78811, 1.24919
5810, 96.9135, 0.845276, 1, 0.359516, 0.170508, -0.917429, 0.00793282, 0.24303, -0.969986, -68.7695, -0.233597, 529.266, 1.04365, -0.12135, -0.0392904, 0.798568, 1.24878
5811, 96.9302, 0.831597, 1, 0.340569, 0.160254, -0.926462, 0.00140696, 0.238888, -0.971046, -68.4562, -0.15022, 529.332, 1.03751, -0.126587, -0.0463852, 0.763767, 1.23305
5812, 96.9469, 0.839945, 1, 0.352309, 0.166781, -0.920903, -0.000530536, 0.247838, -0.968801, -68.2141, -0.403455, 532.771, 1.02785, -0.134719, -0.0496038, 0.785719, 1.2316
5813, 96.9635, 0.836701, 1, 0.360739, 0.168843, -0.917257, -0.00354406, 0.250294, -0.968163, -68.2916, -0.63767, 537.328, 1.01879, -0.136722, -0.0568759, 0.785905, 1.22411
5814, 96.9802, 0.818394, 1, 0.321979, 0.166266, -0.932033, 0.000533762, 0.246208, -0.969217, -68.014, -0.799187, 536.471, 1.01786, -0.137289, -0.0625445, 0.74764, 1.21733
5815, 96.9969, 0.829539, 1, 0.338059, 0.175329, -0.924649, 0.00634729, 0.251729, -0.967777, -68.0051, -1.15484, 539.606, 1.00773, -0.138078, -0.0663058, 0.766405, 1.21475
5816, 97.0136, 0.831043, 1, 0.340283, 0.1811, -0.922719, -0.0052981, 0.256058, -0.966647, -67.6296, -1.45384, 539.648, 1.00573, -0.140959, -0.0664109, 0.768428, 1.21868
5817, 97.0303, 0.826486, 1, 0.356091, 0.166478, -0.919502, 0.00459982, 0.247913, -0.968771, -66.9879, -1.70133, 537.454, 1.00569, -0.144632, -0.0689205, 0.778982, 1.20581
5818, 97.047, 0.841962, 1, 0.338331, 0.175861, -0.924448, 0.00244493, 0.240539, -0.970636, -66.7568, -2.00454, 535.29, 1.00354, -0.140777, -0.0715128, 0.753486, 1.2034
5819, 97.0636, 0.823781, 1, 0.317285, 0.175402, -0.931968, 0.00616263, 0.234555, -0.972083, -66.6466, -2.3426, 535.2, 1.00211, -0.14048, -0.0677231, 0.729072, 1.19907
5820, 97.0803, 0.816621, 1, 0.334506, 0.177268, -0.925571, 0.0114763, 0.240363, -0.970615, -66.3696, -2.83404, 534.945, 0.99947, -0.141831, -0.0670308, 0.753789, 1.20082
5821, 97.097, 0.825313, 1, 0.324819, 0.178529, -0.928773, 0.000698685, 0.242986, -0.970029, -66.5241, -3.25984, 536.664, 0.994591, -0.144537, -0.065509, 0.737461, 1.19875
5822, 97.1137, 0.832247, 1, 0.335149, 0.18336, -0.924151, -0.00327307, 0.249915, -0.968262, -66.4915, -3.57894, 536.91, 0.989808, -0.147159, -0.0637582, 0.749986, 1.20109
5823, 97.1304, 0.819405, 1, 0.322752, 0.175862, -0.930002, -0.00782065, 0.253504, -0.967303, -66.5039, -3.90061, 536.994, 0.988186, -0.149183, -0.0669507, 0.734407, 1.19707
5824, 97.1471, 0.824282, 1, 0.333055, 0.181947, -0.925186, -3.91011e-05, 0.253871, -0.967238, -66.375, -4.35896, 538.569, 0.979072, -0.152215, -0.0657788, 0.747855, 1.19167
5825, 97.1637, 0.82955, 1, 0.320941, 0.187278, -0.928399, -0.00366854, 0.259542, -0.965725, -67.0426, -4.6026, 542.33, 0.969425, -0.148699, -0.0654451, 0.722673, 1.18756
5826, 97.1804, 0.835842, 1, 0.357443, 0.19324, -0.913725, 0.00569749, 0.26037, -0.965492, -67.1157, -4.84393, 543.347, 0.963825, -0.151494, -0.0640179, 0.765554, 1.18695
5827, 97.1971, 0.830573, 1, 0.339571, 0.196577, -0.919809, 9.59982e-05, 0.261079, -0.965318, -67.5209, -5.10871, 543.738, 0.958759, -0.147239, -0.06498, 0.734662, 1.18327
5828, 97.2138, 0.827153, 1, 0.362869, 0.201777, -0.909732, 0.0108939, 0.262214, -0.964948, -67.5489, -5.48719, 543.345, 0.960045, -0.147948, -0.064778, 0.770785, 1.18872
5829, 97.2305, 0.822395, 1, 0.36231, 0.201546, -0.910006, -0.00338145, 0.268806, -0.963189, -67.5966, -5.78077, 543.878, 0.955123, -0.154331, -0.0634079, 0.767923, 1.18812
5830, 97.2472, 0.809011, 1, 0.384794, 0.198327, -0.901443, 0.0121876, 0.265581, -0.964011, -67.7371, -5.90054, 541.848, 0.955188, -0.150311, -0.062676, 0.787952, 1.18512
5831, 97.2638, 0.793324, 1, 0.39901, 0.202547, -0.894296, 0.0118728, 0.260565, -0.965383, -67.8877, -6.05423, 539.256, 0.95829, -0.148157, -0.0629919, 0.799641, 1.18799
5832, 97.2805, 0.798328, 1, 0.397662, 0.199169, -0.895654, 0.0110637, 0.262081, -0.964983, -68.3184, -6.22062, 538.009, 0.962121, -0.146401, -0.0611669, 0.798564, 1.19136
5833, 97.2972, 0.796738, 1, 0.408013, 0.196719, -0.891531, 0.0173508, 0.259502, -0.965587, -68.6506, -6.37068, 536.244, 0.96578, -0.144117, -0.0590137, 0.810273, 1.19339
5834, 97.3139, 0.822614, 1, 0.379802, 0.202892, -0.902544, 0.015213, 0.260712, -0.965297, -68.7359, -6.52093, 535.527, 0.966662, -0.146764, -0.0602969, 0.794402, 1.19693
5835, 97.3306, 0.81425, 1, 0.378437, 0.204295, -0.902801, 0.0130476, 0.26483, -0.964207, -69.1461, -6.62846, 534.82, 0.966179, -0.147507, -0.0623167, 0.796441, 1.19901
5836, 97.3473, 0.812417, 1, 0.356709, 0.209675, -0.910382, 0.0162088, 0.271622, -0.962268, -69.4109, -6.82233, 534.213, 0.967931, -0.14731, -0.0653073, 0.790978, 1.20612
5837, 97.3639, 0.823602, 1, 0.407386, 0.193712, -0.892475, 0.011067, 0.276439, -0.960968, -69.7075, -7.02346, 534.895, 0.966149, -0.151166, -0.0659262, 0.827234, 1.20042
5838, 97.3806, 0.817757, 1, 0.434289, 0.183853, -0.881811, 0.0156911, 0.279001, -0.960163, -70.1578, -7.1214, 534.878, 0.968211, -0.152748, -0.0671086, 0.853829, 1.1998
5839, 97.3973, 0.795489, 1, 0.412319, 0.185484, -0.891958, 0.00754401, 0.281516, -0.959527, -70.29, -7.0977, 532.642, 0.97355, -0.151023, -0.0708768, 0.836575, 1.20537
5840, 97.414, 0.820778, 1, 0.430974, 0.18124, -0.883976, 0.00801894, 0.287859, -0.957639, -70.6907, -7.12681, 533.998, 0.968949, -0.150321, -0.0751218, 0.847429, 1.20133
5841, 97.4307, 0.831089, 1, 0.428529, 0.185781, -0.884222, 0.0124595, 0.279442, -0.960082, -71.2215, -7.14031, 534.067, 0.970975, -0.146176, -0.0795901, 0.841355, 1.19922
5842, 97.4474, 0.817866, 1, 0.431811, 0.179355, -0.883952, 0.0146215, 0.285728, -0.958199, -71.6804, -6.9946, 533.156, 0.971174, -0.145661, -0.0823266, 0.845231, 1.19889
5843, 97.464, 0.809754, 1, 0.445925, 0.171056, -0.878573, 0.0177539, 0.290809, -0.956616, -71.9404, -7.07973, 531.96, 0.979793, -0.146561, -0.085626, 0.870348, 1.20645
5844, 97.4807, 0.836539, 1, 0.437159, 0.18572, -0.88, 0.0264455, 0.284426, -0.958333, -72.5324, -7.00862, 531.846, 0.975583, -0.143836, -0.0905938, 0.864757, 1.20433
5845, 97.4974, 0.821469, 1, 0.447514, 0.172946, -0.877394, 0.0274815, 0.282873, -0.958764, -72.5945, -6.6792, 528.637, 0.979264, -0.143659, -0.0930581, 0.86624, 1.19879
5846, 97.5141, 0.827764, 1, 0.43056, 0.180159, -0.884398, 0.0310326, 0.278362, -0.959975, -72.8575, -6.55772, 527.175, 0.983686, -0.139442, -0.100914, 0.856143, 1.20186
5847, 97.5308, 0.823512, 1, 0.398288, 0.185785, -0.898248, 0.0246548, 0.282426, -0.958972, -73.1041, -6.44256, 523.855, 0.990061, -0.138166, -0.104171, 0.839484, 1.21256
5848, 97.5475, 0.812795, 1, 0.374801, 0.18967, -0.907496, 0.0289915, 0.280129, -0.959525, -73.7876, -6.50022, 524.692, 0.988657, -0.136299, -0.108449, 0.819645, 1.21051
5849, 97.5641, 0.815687, 1, 0.386726, 0.181711, -0.904115, 0.0324732, 0.275804, -0.960665, -73.7001, -6.55313, 521.764, 0.994879, -0.137691, -0.115874, 0.832952, 1.20832
5850, 97.5808, 0.815685, 1, 0.37856, 0.18883, -0.90611, 0.0429703, 0.279006, -0.959328, -74.5874, -6.63641, 522.711, 0.992234, -0.133324, -0.118607, 0.831615, 1.21039
5851, 97.5975, 0.818843, 1, 0.367201, 0.184259, -0.911708, 0.0404296, 0.289985, -0.956177, -74.6888, -6.95076, 523.07, 0.990878, -0.142176, -0.119685, 0.838233, 1.21326
5852, 97.6142, 0.825036, 1, 0.377055, 0.183348, -0.907862, 0.040227, 0.285252, -0.957608, -75.1972, -7.16835, 523.547, 0.985789, -0.141038, -0.125028, 0.832853, 1.20322
5853, 97.6309, 0.819193, 1, 0.408275, 0.18291, -0.894346, 0.0457692, 0.290068, -0.955911, -75.4723, -7.23226, 523.198, 0.985289, -0.141656, -0.123509, 0.864597, 1.20552
5854, 97.6476, 0.819261, 1, 0.407785, 0.182123, -0.894731, 0.0424875, 0.295114, -0.954517, -75.8913, -7.58818, 523.688, 0.983914, -0.140691, -0.125852, 0.86227, 1.20597
5855, 97.6642, 0.811159, 1, 0.421157, 0.184241, -0.888078, 0.0464989, 0.293511, -0.954824, -76.2044, -8.04274, 523.6, 0.98353, -0.139524, -0.128119, 0.873233, 1.2052
5856, 97.6809, 0.824922, 1, 0.371485, 0.181897, -0.910446, 0.0455511, 0.288513, -0.956392, -76.5487, -8.09188, 522.851, 0.985874, -0.136451, -0.131695, 0.826147, 1.20222
5857, 97.6976, 0.820211, 1, 0.393145, 0.185733, -0.900522, 0.0510422, 0.294822, -0.954188, -76.9785, -8.48328, 524.183, 0.979324, -0.136428, -0.133863, 0.846238, 1.20027
5858, 97.7143, 0.827141, 1, 0.394734, 0.187391, -0.899483, 0.0419602, 0.29338, -0.955074, -77.657, -8.9347, 525.965, 0.971731, -0.135868, -0.137078, 0.830778, 1.19214
5859, 97.731, 0.829256, 1, 0.406001, 0.188456, -0.89423, 0.0424354, 0.299118, -0.953272, -77.9405, -9.20736, 526.91, 0.965984, -0.135958, -0.135907, 0.838046, 1.19019
5860, 97.7477, 0.813321, 1, 0.403927, 0.187867, -0.895293, 0.0440122, 0.302818, -0.952032, -77.9312, -9.6686, 526.263, 0.964044, -0.137357, -0.138491, 0.839084, 1.18923
5861, 97.7643, 0.813389, 1, 0.36496, 0.194228, -0.910538, 0.0457506, 0.313156, -0.948599, -77.9078, -10.0902, 524.325, 0.963969, -0.1359, -0.140882, 0.821117, 1.19821
5862, 97.781, 0.829815, 1, 0.387907, 0.18339, -0.90327, 0.054637, 0.321391, -0.945369, -77.9277, -10.84, 524.553, 0.958382, -0.140895, -0.139925, 0.844139, 1.19218
5863, 97.7977, 0.836276, 1, 0.360013, 0.186505, -0.914115, 0.0605457, 0.313971, -0.9475, -77.7099, -11.3689, 522.08, 0.95615, -0.144501, -0.139124, 0.824863, 1.18716
5864, 97.8144, 0.853367, 1, 0.362794, 0.192542, -0.911761, 0.0439855, 0.322235, -0.945637, -77.5995, -12.005, 522.05, 0.94539, -0.150187, -0.136459, 0.822062, 1.18582
5865, 97.8311, 0.8519, 1, 0.392349, 0.187388, -0.900526, 0.0744608, 0.315346, -0.946051, -77.4499, -12.6762, 521.415, 0.942671, -0.15709, -0.133435, 0.861304, 1.17654
5866, 97.8478, 0.83721, 1, 0.402634, 0.196105, -0.894108, 0.0708234, 0.324464, -0.943243, -77.1374, -13.2619, 519.419, 0.944016, -0.158926, -0.131473, 0.883882, 1.1888
5867, 97.8644, 0.845872, 1, 0.411892, 0.193904, -0.890363, 0.0741689, 0.32361, -0.943279, -77.0497, -13.8536, 518.942, 0.941707, -0.160776, -0.132168, 0.889648, 1.18445
5868, 97.8811, 0.850599, 1, 0.393439, 0.203047, -0.896648, 0.0758347, 0.317605, -0.945186, -76.7069, -14.384, 516.824, 0.945399, -0.162309, -0.130806, 0.885374, 1.18994
5869, 97.8978, 0.879006, 1, 0.397362, 0.205032, -0.894464, 0.0757053, 0.323921, -0.94305, -76.7341, -14.8295, 517.347, 0.936967, -0.161866, -0.131665, 0.883238, 1.18572
5870, 97.9145, 0.888317, 1, 0.393389, 0.2045, -0.89634, 0.0759943, 0.325157, -0.942602, -76.4578, -15.2217, 516.352, 0.933372, -0.163398, -0.12987, 0.879116, 1.18328
5871, 97.9312, 0.881539, 1, 0.382616, 0.210636, -0.899576, 0.0740546, 0.32512, -0.942769, -76.6447, -15.8905, 517.462, 0.928926, -0.165445, -0.128586, 0.871603, 1.18247
5872, 97.9479, 0.882045, 1, 0.387697, 0.209559, -0.89765, 0.0711281, 0.330786, -0.941021, -76.5538, -16.417, 517.474, 0.926053, -0.1658, -0.129547, 0.874435, 1.18239
7103, 118.485, 0.984496, 1, 0.0775485, 0.334793, -0.939095, -0.0482283, 0.350416, -0.935351, -18.8726, -71.1152, 507.693, 0.295201, -0.396591, 0.228218, 0.411881, 0.670361
7104, 118.502, 0.985067, 1, 0.0768424, 0.332157, -0.940089, -0.0458617, 0.34903, -0.935989, -18.8945, -71.2456, 508.696, 0.29349, -0.396116, 0.227478, 0.412776, 0.667109
7105, 118.518, 0.984935, 1, 0.0778909, 0.333438, -0.939549, -0.0448067, 0.347147, -0.93674, -18.8306, -71.2663, 508.602, 0.291171, -0.396025, 0.227176, 0.41386, 0.665262
7106, 118.535, 0.985491, 1, 0.0763307, 0.329927, -0.940915, -0.0447868, 0.34932, -0.935933, -18.6217, -71.1908, 508.519, 0.291167, -0.398879, 0.226832, 0.416413, 0.66479
7107, 118.552, 0.984888, 1, 0.0778648, 0.329202, -0.941044, -0.0462639, 0.349072, -0.935953, -18.5352, -70.9873, 507.79, 0.288957, -0.401852, 0.226387, 0.419859, 0.662954
7108, 118.568, 0.984474, 1, 0.0792793, 0.324723, -0.942481, -0.0452468, 0.352607, -0.934677, -18.3828, -70.8439, 507.313, 0.287514, -0.405281, 0.225964, 0.425155, 0.662262
7109, 118.585, 0.983964, 1, 0.07747, 0.330094, -0.940764, -0.0452021, 0.353146, -0.934476, -18.2781, -70.6566, 506.277, 0.287753, -0.406071, 0.226031, 0.42426, 0.665539
7110, 118.602, 0.984068, 1, 0.0766077, 0.326709, -0.942015, -0.042851, 0.352214, -0.934938, -18.1983, -70.5935, 506.162, 0.28711, -0.406151, 0.225668, 0.425374, 0.662803
7111, 118.619, 0.982382, 1, 0.0773699, 0.325382, -0.942412, -0.0391465, 0.350997, -0.935558, -18.04, -70.5107, 505.974, 0.282875, -0.40789, 0.223877, 0.429805, 0.658919
7112, 118.635, 0.983073, 1, 0.0755785, 0.325089, -0.942659, -0.0382197, 0.350167, -0.935907, -17.883, -70.4323, 505.517, 0.281449, -0.409614, 0.222945, 0.431259, 0.657172
7113, 118.652, 0.983152, 1, 0.0803258, 0.330708, -0.940308, -0.0405267, 0.357623, -0.932986, -17.9177, -70.3483, 505.165, 0.28009, -0.411035, 0.22263, 0.433441, 0.663537
7114, 118.669, 0.984586, 1, 0.0829206, 0.340416, -0.936612, -0.0413353, 0.362044, -0.931244, -17.8115, -70.4547, 506.877, 0.276902, -0.416616, 0.220645, 0.44028, 0.669555
7115, 118.685, 0.983542, 1, 0.104499, 0.378279, -0.919774, -0.0577762, 0.364971, -0.929225, -17.9428, -70.4377, 509.13, 0.265609, -0.421655, 0.220449, 0.443714, 0.683561
7116, 118.702, 0.978584, 1, 0.191889, 0.408633, -0.892299, -0.0646044, 0.372461, -0.925797, -17.6917, -71.1645, 520.286, 0.285593, -0.443892, 0.23653, 0.517308, 0.74276
7117, 118.719, 0.974238, 1, 0.19012, 0.397809, -0.897554, -0.0612487, 0.382711, -0.921836, -17.62, -71.5642, 526.816, 0.289543, -0.45408, 0.239042, 0.530649, 0.747363
7118, 118.735, 0.968698, 1, 0.171235, 0.406593, -0.897419, -0.0708289, 0.38819, -0.918854, -17.5796, -71.4841, 527.996, 0.282367, -0.454562, 0.237342, 0.510796, 0.741845
7119, 118.752, 0.964967, 1, 0.169067, 0.404032, -0.898986, -0.0698408, 0.379005, -0.922755, -17.6353, -71.4716, 528.85, 0.280563, -0.451311, 0.23535, 0.507067, 0.733017
7120, 118.769, 0.962677, 1, 0.166535, 0.404809, -0.899109, -0.0754504, 0.374802, -0.92403, -17.4903, -71.2526, 528.129, 0.280193, -0.448796, 0.233656, 0.49983, 0.72875
7121, 118.785, 0.964409, 1, 0.145017, 0.406387, -0.90212, -0.0725565, 0.378489, -0.922758, -17.5086, -71.0941, 527.123, 0.282473, -0.445198, 0.231602, 0.485277, 0.728489
7122, 118.802, 0.963441, 1, 0.149342, 0.409006, -0.900228, -0.0611785, 0.379972, -0.922973, -17.4891, -71.0824, 527.173, 0.280612, -0.443437, 0.231647, 0.492138, 0.73208
7123, 118.819, 0.965737, 1, 0.150288, 0.403001, -0.902776, -0.065048, 0.380158, -0.922631, -17.539, -70.9306, 526.274, 0.285277, -0.444281, 0.23241, 0.49294, 0.732394
7124, 118.835, 0.964301, 1, 0.143891, 0.403263, -0.9037, -0.0690574, 0.385886, -0.919958, -17.4176, -70.6814, 524.47, 0.283354, -0.445625, 0.231737, 0.487226, 0.731785
7125, 118.852, 0.963374, 1, 0.125014, 0.397283, -0.909141, -0.0552998, 0.390226, -0.919057, -17.3871, -70.6511, 524.328, 0.285312, -0.446722, 0.23228, 0.485374, 0.730688
7126, 118.869, 0.961091, 1, 0.136635, 0.406124, -0.903545, -0.0504996, 0.387634, -0.920429, -17.2798, -70.3893, 523.305, 0.276495, -0.451224, 0.23091, 0.498713, 0.730915
7127, 118.885, 0.961597, 1, 0.126027, 0.412918, -0.902007, -0.054611, 0.387339, -0.920318, -17.184, -70.2759, 522.618, 0.272718, -0.451443, 0.230281, 0.488468, 0.727499
7128, 118.902, 0.965641, 1, 0.111044, 0.424042, -0.898809, -0.0554092, 0.386838, -0.920482, -17.1925, -70.1975, 521.774, 0.269677, -0.449924, 0.230311, 0.474901, 0.726508
7129, 118.919, 0.963755, 1, 0.127527, 0.430882, -0.893352, -0.0572966, 0.387987, -0.919882, -17.1318, -70.0956, 521.196, 0.265076, -0.449406, 0.229375, 0.482018, 0.730411
7130, 118.935, 0.965888, 1, 0.122061, 0.431198, -0.893963, -0.0601086, 0.388215, -0.919606, -17.0871, -69.8397, 519.857, 0.261731, -0.451658, 0.229504, 0.478663, 0.726253
7131, 118.952, 0.962854, 1, 0.126409, 0.42776, -0.89501, -0.0572839, 0.39024, -0.918929, -17.0579, -69.7491, 518.975, 0.261756, -0.455296, 0.230314, 0.487409, 0.727872
7132, 118.969, 0.96772, 1, 0.128888, 0.421827, -0.897468, -0.0633186, 0.389858, -0.918695, -16.9763, -69.7189, 518.27, 0.260688, -0.456489, 0.229624, 0.487186, 0.72346
7133, 118.986, 0.9677, 1, 0.128122, 0.422403, -0.897307, -0.0585486, 0.390259, -0.918842, -17.0543, -69.9246, 518.439, 0.262689, -0.451399, 0.229257, 0.484295, 0.725789
7134, 119.002, 0.968539, 1, 0.142648, 0.422368, -0.89513, -0.0622733, 0.394383, -0.916834, -16.9507, -69.9164, 517.863, 0.265002, -0.454005, 0.227394, 0.49553, 0.733712
7135, 119.019, 0.968467, 1, 0.129933, 0.420294, -0.898037, -0.0561571, 0.390906, -0.918716, -17.0157, -69.8301, 517.217, 0.272054, -0.446735, 0.22818, 0.4841, 0.733736
7136, 119.036, 0.973434, 1, 0.125783, 0.415731, -0.900748, -0.0532657, 0.389535, -0.91947, -17.2197, -69.8506, 517.894, 0.283859, -0.442724, 0.230489, 0.48027, 0.738607
7137, 119.052, 0.976678, 1, 0.126345, 0.413448, -0.901719, -0.0474367, 0.386612, -0.921022, -17.4488, -70.0358, 519.046, 0.295733, -0.436281, 0.231753, 0.478693, 0.745611
7138, 119.069, 0.976983, 1, 0.12018, 0.40413, -0.906772, -0.0507235, 0.385705, -0.921227, -17.5162, -70.1347, 520.361, 0.304859, -0.439504, 0.235491, 0.477239, 0.745529
7139, 119.086, 0.977674, 1, 0.121662, 0.398284, -0.909158, -0.0379382, 0.381067, -0.923769, -17.5714, -69.9056, 519.083, 0.310484, -0.443639, 0.237115, 0.492853, 0.748194
7140, 119.102, 0.978748, 1, 0.130443, 0.406162, -0.904443, -0.0398343, 0.381055, -0.923694, -17.7115, -69.9332, 518.884, 0.305475, -0.444341, 0.235056, 0.497422, 0.749958
7141, 119.119, 0.978322, 1, 0.123406, 0.405211, -0.905856, -0.0402921, 0.383359, -0.92272, -17.7103, -70.007, 519.084, 0.305282, -0.442738, 0.235034, 0.490596, 0.748649
7142, 119.136, 0.978503, 1, 0.128814, 0.412381, -0.901859, -0.0424016, 0.388295, -0.920559, -17.807, -70.0737, 518.323, 0.302481, -0.440265, 0.234598, 0.48879, 0.753479
7143, 119.152, 0.978227, 1, 0.129474, 0.408103, -0.903708, -0.0401674, 0.387781, -0.920876, -17.8343, -70.2783, 518.981, 0.303924, -0.439968, 0.235416, 0.490522, 0.75279
7144, 119.169, 0.977425, 1, 0.138353, 0.41077, -0.901181, -0.0450871, 0.392034, -0.918845, -17.8986, -70.5669, 519.519, 0.304822, -0.440856, 0.23598, 0.494054, 0.758882
7145, 119.186, 0.976502, 1, 0.140934, 0.415774, -0.898482, -0.04697, 0.387077, -0.92085, -17.8729, -70.6651, 518.832, 0.305584, -0.441336, 0.235773, 0.495729, 0.7604
7146, 119.202, 0.974845, 1, 0.149308, 0.41058, -0.899517, -0.0461381, 0.390535, -0.919431, -17.9253, -71.0451, 520.392, 0.305563, -0.443709, 0.237406, 0.504343, 0.762102
7147, 119.219, 0.972278, 1, 0.153428, 0.419597, -0.89465, -0.0528057, 0.396559, -0.916489, -17.9744, -71.2542, 520.196, 0.306945, -0.447184, 0.238579, 0.506563, 0.772
7148, 119.236, 0.970169, 1, 0.157981, 0.427209, -0.890244, -0.0490851, 0.401978, -0.914333, -18.2209, -71.6347, 520.789, 0.307877, -0.443429, 0.24103, 0.50575, 0.780995
7149, 119.252, 0.971651, 1, 0.159667, 0.427125, -0.889983, -0.0449082, 0.40499, -0.913217, -18.4006, -71.8925, 521.515, 0.315203, -0.441654, 0.245007, 0.507664, 0.789594
7150, 119.269, 0.96898, 1, 0.159555, 0.429335, -0.888939, -0.0472616, 0.404609, -0.913268, -18.6165, -72.0636, 520.957, 0.321333, -0.440791, 0.251041, 0.503898, 0.794963
7151, 119.286, 0.970609, 1, 0.163028, 0.436796, -0.884664, -0.0445624, 0.409131, -0.911387, -18.8308, -72.1456, 520.079, 0.325824, -0.439341, 0.25513, 0.504697, 0.806169
7152, 119.303, 0.970964, 1, 0.160515, 0.433482, -0.886752, -0.0451807, 0.407541, -0.912069, -18.9981, -72.0614, 520.088, 0.332637, -0.438744, 0.257875, 0.502974, 0.80824
7153, 119.319, 0.971694, 1, 0.15773, 0.436551, -0.885745, -0.041883, 0.410523, -0.910888, -19.1458, -72.1706, 519.908, 0.334739, -0.440564, 0.260591, 0.504369, 0.813174
7154, 119.336, 0.973812, 1, 0.156016, 0.435627, -0.886503, -0.0439644, 0.410805, -0.910663, -19.3122, -72.4033, 520.393, 0.332028, -0.439888, 0.263469, 0.499071, 0.809243
7155, 119.353, 0.974412, 1, 0.16642, 0.432919, -0.885937, -0.0430351, 0.40982, -0.911151, -19.4899, -72.4781, 520.583, 0.334297, -0.43748, 0.264796, 0.503969, 0.811581
7156, 119.369, 0.9745, 1, 0.164249, 0.435671, -0.884993, -0.0465091, 0.409181, -0.911267, -19.5735, -72.6742, 520.912, 0.330273, -0.436045, 0.265215, 0.496784, 0.807479
7157, 119.386, 0.975801, 1, 0.160276, 0.436131, -0.885495, -0.0533632, 0.406545, -0.912071, -19.6459, -72.8344, 520.639, 0.328152, -0.435338, 0.262967, 0.489252, 0.801801
7158, 119.403, 0.974639, 1, 0.150436, 0.434806, -0.88787, -0.055151, 0.405227, -0.912551, -19.7538, -72.8578, 520.003, 0.325592, -0.434438, 0.261754, 0.480491, 0.794979
7159, 119.419, 0.9754, 1, 0.150536, 0.431382, -0.889522, -0.0588496, 0.401564, -0.913938, -19.7798, -72.9963, 519.781, 0.325143, -0.434179, 0.262367, 0.478027, 0.790173
7160, 119.436, 0.976548, 1, 0.150451, 0.430906, -0.889766, -0.0587824, 0.401758, -0.913857, -19.7479, -73.1128, 519.447, 0.319293, -0.434193, 0.260326, 0.477496, 0.785125
7161, 119.453, 0.976648, 1, 0.1534, 0.430414, -0.889501, -0.059406, 0.402879, -0.913323, -19.7614, -73.1053, 519.408, 0.31644, -0.433911, 0.260195, 0.477925, 0.783558
7162, 119.469, 0.979442, 1, 0.154273, 0.429831, -0.889632, -0.0604056, 0.400222, -0.914425, -19.7955, -73.3276, 520.146, 0.314612, -0.432499, 0.259528, 0.476156, 0.780101
7163, 119.486, 0.979888, 1, 0.150999, 0.429734, -0.89024, -0.062572, 0.400286, -0.914252, -19.6665, -73.4451, 520.47, 0.3142, -0.434463, 0.258438, 0.475279, 0.778636
7164, 119.503, 0.979974, 1, 0.152871, 0.431035, -0.889292, -0.0626661, 0.398696, -0.91494, -19.6205, -73.5125, 520.618, 0.311115, -0.434316, 0.257322, 0.475882, 0.776342
7165, 119.519, 0.980091, 1, 0.147281, 0.430783, -0.890356, -0.063038, 0.399184, -0.914701, -19.4863, -73.6604, 520.805, 0.312281, -0.435299, 0.256373, 0.473921, 0.776211
7166, 119.536, 0.980059, 1, 0.147742, 0.432885, -0.88926, -0.0622593, 0.401304, -0.913826, -19.2996, -73.7539, 520.925, 0.312038, -0.43692, 0.254913, 0.476952, 0.778845
7167, 119.553, 0.978794, 1, 0.152517, 0.433616, -0.888097, -0.0597864, 0.400149, -0.914498, -19.3106, -73.8637, 521.316, 0.312166, -0.436455, 0.253731, 0.481764, 0.780566
7168, 119.569, 0.979214, 1, 0.154957, 0.43273, -0.888106, -0.0624891, 0.401803, -0.913591, -19.0515, -73.873, 521.256, 0.310824, -0.439811, 0.252638, 0.48578, 0.78041
7169, 119.586, 0.9805, 1, 0.142424, 0.428539, -0.892227, -0.0614927, 0.401003, -0.914011, -18.8039, -73.9487, 521.901, 0.307656, -0.440608, 0.250124, 0.479779, 0.772116
7170, 119.603, 0.981204, 1, 0.14717, 0.427325, -0.892039, -0.0593247, 0.397902, -0.915508, -18.6327, -73.876, 521.647, 0.305583, -0.445562, 0.249578, 0.490563, 0.770384
7171, 119.62, 0.981731, 1, 0.149391, 0.425494, -0.892545, -0.0618885, 0.396538, -0.91593, -18.3313, -73.7148, 521.383, 0.306919, -0.446634, 0.247779, 0.493276, 0.770569
7172, 119.636, 0.982456, 1, 0.159629, 0.432127, -0.887573, -0.0671813, 0.393984, -0.916659, -18.1461, -73.6333, 522.794, 0.305748, -0.450717, 0.247403, 0.500892, 0.773554
7173, 119.653, 0.98136, 1, 0.155951, 0.387979, -0.908379, -0.0680296, 0.390928, -0.917904, -17.8665, -73.6651, 527.661, 0.329269, -0.464883, 0.255043, 0.521732, 0.769397
7174, 119.67, 0.979514, 1, 0.220765, 0.388394, -0.894658, -0.0719944, 0.385753, -0.919789, -17.6122, -73.5458, 530.746, 0.334439, -0.473636, 0.257203, 0.573686, 0.789983
7175, 119.686, 0.976862, 1, 0.213498, 0.391676, -0.894991, -0.0695308, 0.389971, -0.918198, -17.2644, -73.0468, 530.685, 0.332272, -0.479203, 0.255102, 0.576951, 0.791804
7176, 119.703, 0.974876, 1, 0.218005, 0.397651, -0.891262, -0.0634168, 0.399203, -0.914667, -16.8747, -72.3862, 528.721, 0.333412, -0.484544, 0.252305, 0.591257, 0.804959
7177, 119.72, 0.971121, 1, 0.208998, 0.398422, -0.893073, -0.0550768, 0.398411, -0.915552, -16.4473, -72.1097, 528.168, 0.332947, -0.487267, 0.249771, 0.594681, 0.804359
7178, 119.736, 0.971931, 1, 0.202967, 0.400243, -0.89365, -0.0601327, 0.399015, -0.914971, -16.0789, -71.7529, 526.114, 0.332864, -0.489677, 0.247551, 0.590888, 0.803223
7179, 119.753, 0.971648, 1, 0.198113, 0.398868, -0.895352, -0.0623643, 0.397466, -0.915495, -15.8693, -71.4992, 525.15, 0.331379, -0.497009, 0.248414, 0.593885, 0.799053
7180, 119.77, 0.972542, 1, 0.183981, 0.398751, -0.898415, -0.0741395, 0.396793, -0.914909, -15.5759, -71.0638, 522.337, 0.332585, -0.495289, 0.247074, 0.575976, 0.793528
7181, 119.786, 0.970799, 1, 0.18877, 0.402239, -0.895862, -0.0666069, 0.398165, -0.914893, -15.3538, -70.8594, 520.403, 0.33307, -0.495523, 0.249938, 0.583554, 0.799853
7182, 119.803, 0.970896, 1, 0.186609, 0.402653, -0.896129, -0.0646046, 0.396641, -0.915698, -15.2508, -70.7805, 519.194, 0.331453, -0.49316, 0.249264, 0.58041, 0.797438
7183, 119.82, 0.971234, 1, 0.185143, 0.382451, -0.905236, -0.0530955, 0.383808, -0.921885, -15.0848, -70.6415, 518.083, 0.334197, -0.493458, 0.250659, 0.589414, 0.784476
7184, 119.836, 0.970473, 1, 0.187259, 0.367781, -0.910863, -0.0480447, 0.391758, -0.918813, -14.8066, -70.5754, 516.391, 0.334963, -0.495647, 0.253718, 0.595777, 0.783487
7185, 119.853, 0.972901, 1, 0.171256, 0.372384, -0.912141, -0.0340655, 0.403729, -0.914244, -14.6986, -70.3006, 513.991, 0.334662, -0.495375, 0.255528, 0.592311, 0.790566
7186, 119.87, 0.970388, 1, 0.168758, 0.372128, -0.912711, -0.0343369, 0.406624, -0.91295, -14.4776, -70.2849, 512.864, 0.338925, -0.494249, 0.257584, 0.589882, 0.795389
7187, 119.886, 0.969378, 1, 0.17046, 0.372797, -0.912121, -0.0235622, 0.406551, -0.913324, -14.3799, -70.2323, 511.594, 0.340013, -0.490135, 0.257936, 0.593301, 0.799091
7188, 119.903, 0.973376, 1, 0.169924, 0.370299, -0.913238, -0.0140982, 0.41323, -0.910518, -14.3257, -70.2571, 511.484, 0.340966, -0.488541, 0.258101, 0.597361, 0.804062
7189, 119.92, 0.967895, 1, 0.179167, 0.380212, -0.90738, -0.034733, 0.405798, -0.913303, -14.2259, -70.2786, 510.672, 0.343543, -0.486589, 0.259195, 0.587854, 0.804654
7190, 119.936, 0.968635, 1, 0.178836, 0.381929, -0.906723, -0.016077, 0.397546, -0.917441, -14.1217, -70.3316, 510.578, 0.348337, -0.48801, 0.260699, 0.602744, 0.809803
7191, 119.953, 0.96925, 1, 0.176628, 0.37259, -0.911032, -0.0329545, 0.404788, -0.913816, -14.0677, -70.3379, 510.512, 0.352719, -0.486308, 0.261032, 0.589421, 0.807516
7192, 119.97, 0.970192, 1, 0.177282, 0.372847, -0.9108, -0.0314464, 0.388252, -0.921017, -14.042, -70.3206, 510.413, 0.354208, -0.486987, 0.262174, 0.592302, 0.800532
7193, 119.987, 0.971121, 1, 0.181365, 0.382322, -0.906055, -0.0139879, 0.377926, -0.92573, -13.874, -70.2941, 510.01, 0.355361, -0.487606, 0.263143, 0.606576, 0.805949
