807, 26.8935, 0.886371, 1, 0.396966, 0.430929, -0.810382, -0.134968, 0.505177, -0.852396, -10.3953, -26.9505, 321.788, 0.0260254, 0.200079, -0.0968141, -0.0380966, 0.55583
808, 26.9269, 0.877169, 1, 0.408712, 0.442073, -0.798452, -0.129416, 0.503829, -0.854054, -10.495, -26.9112, 321.32, 0.0288727, 0.200858, -0.0955498, -0.0286858, 0.563907
809, 26.9603, 0.882104, 1, 0.384743, 0.41344, -0.825252, -0.119301, 0.501047, -0.857158, -10.5044, -26.7819, 321.429, 0.0234039, 0.198841, -0.0967646, -0.037062, 0.53935
810, 26.9936, 0.884336, 1, 0.38988, 0.428522, -0.815084, -0.116472, 0.508255, -0.853294, -10.65, -26.665, 320.935, 0.0313325, 0.200467, -0.0976806, -0.0327765, 0.559096
811, 27.027, 0.879806, 1, 0.370222, 0.42015, -0.828499, -0.113902, 0.504123, -0.856088, -10.7057, -26.4865, 320.303, 0.0278973, 0.199859, -0.0991851, -0.0415484, 0.54915
812, 27.0604, 0.882103, 1, 0.383647, 0.423156, -0.820825, -0.1012, 0.511956, -0.85303, -10.8802, -26.4635, 320.27, 0.0386094, 0.198584, -0.0989809, -0.0239663, 0.562972
813, 27.0937, 0.881078, 1, 0.365356, 0.412325, -0.834568, -0.111504, 0.504749, -0.856035, -10.9772, -26.4767, 320.711, 0.0336259, 0.19612, -0.0983346, -0.039804, 0.549545
814, 27.1271, 0.885276, 1, 0.358979, 0.423547, -0.83171, -0.103089, 0.512273, -0.852613, -11.1051, -26.3103, 320.773, 0.0330609, 0.199526, -0.0988324, -0.0410657, 0.559006
815, 27.1605, 0.891307, 1, 0.378582, 0.442234, -0.813083, -0.0973074, 0.515089, -0.851595, -11.2299, -26.2583, 320.372, 0.0439611, 0.20028, -0.100883, -0.0244098, 0.580093
816, 27.1938, 0.890057, 1, 0.372798, 0.444666, -0.814429, -0.10048, 0.520995, -0.847625, -11.3002, -26.1965, 320.745, 0.0371449, 0.202221, -0.101701, -0.0298621, 0.578858
817, 27.2272, 0.88606, 1, 0.380107, 0.45112, -0.807471, -0.105505, 0.530273, -0.841236, -11.4552, -26.0703, 320.433, 0.0435483, 0.202825, -0.101715, -0.0273419, 0.593916
818, 27.2606, 0.892788, 1, 0.371088, 0.469455, -0.80119, -0.107758, 0.532691, -0.839422, -11.5664, -25.9646, 319.901, 0.0410997, 0.203468, -0.102896, -0.0311296, 0.603918
819, 27.2939, 0.900355, 1, 0.378986, 0.460118, -0.802908, -0.100378, 0.52928, -0.842488, -11.5582, -25.751, 319.699, 0.0475345, 0.204447, -0.104127, -0.0250246, 0.600065
820, 27.3273, 0.903171, 1, 0.355671, 0.48211, -0.800667, -0.099244, 0.520977, -0.847782, -11.6277, -25.3873, 318.956, 0.0555692, 0.208954, -0.105369, -0.0447164, 0.615016
821, 27.3607, 0.88857, 1, 0.381988, 0.476402, -0.791913, -0.102993, 0.513269, -0.852025, -11.6159, -24.8738, 318.89, 0.0739111, 0.21492, -0.105686, -0.0425693, 0.622785
822, 27.394, 0.892903, 1, 0.401175, 0.497635, -0.769037, -0.0973343, 0.518992, -0.849219, -11.7529, -24.3388, 317.825, 0.0853176, 0.223514, -0.107002, -0.0335473, 0.647598
823, 27.4274, 0.874682, 1, 0.393838, 0.492421, -0.776153, -0.0928365, 0.512779, -0.853486, -11.5859, -23.6964, 316.041, 0.0893141, 0.229493, -0.107382, -0.0474526, 0.644741
824, 27.4608, 0.866972, 1, 0.366054, 0.509968, -0.77842, -0.0795949, 0.502967, -0.860633, -11.3736, -23.12, 313.702, 0.0813488, 0.227558, -0.109376, -0.051991, 0.642135
825, 27.4941, 0.877969, 1, 0.393081, 0.491506, -0.777116, -0.0815861, 0.508574, -0.857144, -11.1608, -22.7788, 312.648, 0.0777345, 0.227445, -0.108241, -0.0371323, 0.630221
826, 27.5275, 0.890079, 1, 0.43928, 0.475203, -0.762375, -0.0919274, 0.499113, -0.861647, -10.9755, -22.5117, 312.368, 0.0814251, 0.229647, -0.108918, -0.0180795, 0.619116
827, 27.5609, 0.892504, 1, 0.453066, 0.414702, -0.789147, -0.081899, 0.493979, -0.865608, -10.687, -22.3906, 311.797, 0.0694197, 0.22671, -0.108492, -0.0092043, 0.569268
828, 27.5942, 0.888935, 1, 0.420468, 0.490148, -0.763519, -0.0767791, 0.507526, -0.858209, -10.5725, -22.3856, 311.091, 0.0703784, 0.224803, -0.108972, -0.0111149, 0.619335
829, 27.6276, 0.875197, 1, 0.44658, 0.420199, -0.789936, -0.0778663, 0.495856, -0.864906, -10.3615, -22.4788, 311.225, 0.0603304, 0.226367, -0.106644, -0.0105021, 0.561871
830, 27.661, 0.868504, 1, 0.423094, 0.416999, -0.804428, -0.0812203, 0.488, -0.869057, -10.0433, -22.464, 310.498, 0.052522, 0.222936, -0.105595, -0.0250932, 0.549407
831, 27.6943, 0.867281, 1, 0.406153, 0.435862, -0.803159, -0.0730187, 0.483454, -0.872319, -9.78214, -22.4935, 310.868, 0.0508732, 0.223285, -0.105378, -0.03111, 0.554633
832, 27.7277, 0.864733, 1, 0.376952, 0.4418, -0.814076, -0.072683, 0.492836, -0.867081, -9.62387, -22.5956, 311.048, 0.0506036, 0.219441, -0.104963, -0.0435317, 0.564015
833, 27.7611, 0.853264, 1, 0.369523, 0.443372, -0.816624, -0.0811748, 0.500849, -0.86172, -9.47662, -22.6727, 311.328, 0.0419486, 0.220919, -0.103847, -0.0539854, 0.563053
834, 27.7944, 0.847391, 1, 0.375993, 0.444556, -0.813018, -0.0745757, 0.49333, -0.86664, -9.46829, -22.7219, 311.341, 0.0478696, 0.221799, -0.102961, -0.0486222, 0.563726
835, 27.8278, 0.843094, 1, 0.382199, 0.440657, -0.812247, -0.0756668, 0.491018, -0.867857, -9.38341, -22.7594, 311.548, 0.0451515, 0.220969, -0.100883, -0.046408, 0.558128
836, 27.8612, 0.846128, 1, 0.391982, 0.445232, -0.805058, -0.0919672, 0.498045, -0.862261, -9.19666, -22.6751, 310.887, 0.0466279, 0.218677, -0.100245, -0.0443676, 0.569016
837, 27.8945, 0.849995, 1, 0.400932, 0.441123, -0.80291, -0.0870311, 0.490341, -0.867174, -9.13126, -22.7011, 311.12, 0.0484764, 0.218472, -0.100449, -0.0366201, 0.562852
838, 27.9279, 0.851046, 1, 0.423544, 0.467436, -0.77596, -0.0970158, 0.505874, -0.857135, -9.05202, -22.59, 309.712, 0.0515174, 0.214982, -0.0992708, -0.015867, 0.591247
839, 27.9613, 0.843653, 1, 0.413329, 0.42247, -0.806646, -0.102788, 0.488297, -0.866603, -8.95369, -22.7404, 309.799, 0.0429283, 0.215972, -0.0971801, -0.0371123, 0.54859
840, 27.9946, 0.85952, 1, 0.433007, 0.433134, -0.790506, -0.103763, 0.503248, -0.857889, -8.86423, -22.8114, 309.572, 0.0488745, 0.213734, -0.0975583, -0.0187232, 0.568876
841, 28.028, 0.863379, 1, 0.393272, 0.465089, -0.793114, -0.105376, 0.500236, -0.859453, -8.84514, -22.8387, 309.684, 0.0489953, 0.212229, -0.0979603, -0.0395256, 0.585673
842, 28.0614, 0.8669, 1, 0.389993, 0.465343, -0.794582, -0.105009, 0.50915, -0.854248, -8.84731, -22.9081, 309.793, 0.0453089, 0.215588, -0.0982792, -0.0456236, 0.587312
843, 28.0947, 0.864987, 1, 0.366387, 0.480575, -0.796748, -0.106401, 0.512125, -0.852295, -8.84857, -22.9799, 310.507, 0.044522, 0.218179, -0.0993128, -0.0632789, 0.597692
844, 28.1281, 0.892637, 1, 0.386974, 0.483548, -0.785133, -0.113536, 0.521034, -0.845951, -8.79242, -23.0494, 310.728, 0.0484706, 0.218935, -0.101361, -0.051863, 0.610105
845, 28.1615, 0.912642, 1, 0.377939, 0.504775, -0.776121, -0.109159, 0.52246, -0.845648, -8.80844, -23.0728, 309.973, 0.0488371, 0.221344, -0.100826, -0.0556852, 0.625571
846, 28.1948, 0.914256, 1, 0.383219, 0.485139, -0.785992, -0.101374, 0.522263, -0.846738, -8.86566, -23.1482, 310.67, 0.0512342, 0.227138, -0.102688, -0.0570487, 0.615324
847, 28.2282, 0.911812, 1, 0.387559, 0.494754, -0.777828, -0.103385, 0.517313, -0.849529, -8.91734, -23.1669, 309.556, 0.0551634, 0.224702, -0.101611, -0.051027, 0.623006
848, 28.2616, 0.907528, 1, 0.386562, 0.500185, -0.774845, -0.0970529, 0.514829, -0.851782, -9.00115, -23.2946, 310.404, 0.0587091, 0.226121, -0.101747, -0.0488751, 0.627776
849, 28.2949, 0.906632, 1, 0.397346, 0.513232, -0.760729, -0.105278, 0.517112, -0.849419, -9.03695, -23.4927, 310.915, 0.058527, 0.227727, -0.10276, -0.0458552, 0.638531
850, 28.3283, 0.905075, 1, 0.358797, 0.497882, -0.789543, -0.104671, 0.515068, -0.850734, -9.09644, -23.6768, 311.286, 0.0574663, 0.228266, -0.103241, -0.074334, 0.628203
851, 28.3617, 0.897239, 1, 0.350082, 0.503391, -0.789962, -0.0943063, 0.51217, -0.853691, -9.03243, -23.8916, 311.001, 0.046602, 0.226237, -0.103069, -0.0707155, 0.618685
852, 28.395, 0.898541, 1, 0.345647, 0.506647, -0.789833, -0.0961227, 0.50852, -0.855668, -9.00302, -24.1889, 311.273, 0.0416144, 0.225463, -0.103282, -0.0728414, 0.614526
853, 28.4284, 0.891783, 1, 0.322816, 0.508386, -0.798332, -0.0898984, 0.511393, -0.854632, -8.91712, -24.3953, 310.334, 0.0322499, 0.223294, -0.10475, -0.0792911, 0.608473
854, 28.4618, 0.888068, 1, 0.330572, 0.504345, -0.797721, -0.0920465, 0.513373, -0.853215, -8.88577, -24.4903, 309.306, 0.0188193, 0.224499, -0.103236, -0.0778677, 0.595119
855, 28.4951, 0.885417, 1, 0.347119, 0.500156, -0.793317, -0.0816111, 0.510624, -0.855922, -8.89382, -24.5233, 308.712, 0.0112253, 0.22859, -0.102243, -0.0673634, 0.582514
856, 28.5285, 0.885873, 1, 0.383956, 0.480934, -0.788213, -0.0934607, 0.506213, -0.85733, -8.7851, -24.5997, 308.031, 0.0053713, 0.225156, -0.101701, -0.0495047, 0.564543
857, 28.5619, 0.889916, 1, 0.377037, 0.484088, -0.789621, -0.0888262, 0.50826, -0.856611, -8.80846, -24.5751, 307.483, -0.00233098, 0.227939, -0.100775, -0.053241, 0.559426
858, 28.5952, 0.877388, 1, 0.365142, 0.484473, -0.794958, -0.092653, 0.508181, -0.856252, -8.76329, -24.5372, 306.931, -0.00418197, 0.226434, -0.100483, -0.0616475, 0.558278
859, 28.6286, 0.875383, 1, 0.348663, 0.494963, -0.795893, -0.0842925, 0.502766, -0.860303, -8.8132, -24.5541, 306.552, -0.00379476, 0.226221, -0.100421, -0.0654612, 0.560311
860, 28.662, 0.871136, 1, 0.422181, 0.457365, -0.782675, -0.087096, 0.500266, -0.86148, -8.79487, -24.6433, 306.403, -0.00983953, 0.22753, -0.0968464, -0.0287511, 0.531623
861, 28.6953, 0.866556, 1, 0.436684, 0.44639, -0.781053, -0.0852727, 0.501783, -0.86078, -8.77217, -24.8567, 305.834, -0.0148399, 0.225683, -0.0944211, -0.0175507, 0.521463
862, 28.7287, 0.867265, 1, 0.447541, 0.434045, -0.781865, -0.0866327, 0.505931, -0.858213, -8.80828, -25.189, 305.792, -0.021698, 0.225347, -0.0911459, -0.0133646, 0.510681
863, 28.7621, 0.870916, 1, 0.41603, 0.405033, -0.814167, -0.081634, 0.509837, -0.856389, -8.68148, -25.5159, 306.199, -0.0300528, 0.222823, -0.0881089, -0.0324967, 0.487529
864, 28.7954, 0.868091, 1, 0.436363, 0.397453, -0.807229, -0.0784823, 0.510413, -0.85634, -8.60561, -25.7288, 306.387, -0.0323652, 0.222283, -0.0869019, -0.0187011, 0.481838
865, 28.8288, 0.872131, 1, 0.424519, 0.430854, -0.796334, -0.0814658, 0.509312, -0.856717, -8.42817, -25.9174, 305.946, -0.0324148, 0.218303, -0.086446, -0.019445, 0.501
866, 28.8622, 0.864272, 1, 0.426122, 0.395858, -0.813459, -0.088838, 0.522049, -0.848276, -8.17359, -26.1057, 305.75, -0.0371401, 0.212924, -0.085317, -0.0182328, 0.48523
867, 28.8955, 0.868116, 1, 0.427433, 0.389998, -0.8156, -0.107615, 0.520137, -0.847276, -8.12923, -26.2856, 305.532, -0.0392546, 0.211228, -0.0830437, -0.027771, 0.481161
868, 28.9289, 0.862811, 1, 0.423797, 0.379841, -0.822263, -0.115641, 0.517289, -0.847962, -7.83791, -26.347, 304.351, -0.0408406, 0.201927, -0.0829172, -0.0212881, 0.473013
869, 28.9623, 0.868358, 1, 0.429445, 0.377066, -0.820608, -0.105678, 0.51532, -0.850457, -7.67334, -26.5785, 305.52, -0.0397329, 0.201453, -0.0824155, -0.0138188, 0.470311
870, 28.9956, 0.870607, 1, 0.416595, 0.368587, -0.831019, -0.111298, 0.523442, -0.844761, -7.54832, -26.7171, 304.783, -0.0414286, 0.196944, -0.0826228, -0.0179128, 0.469845
871, 29.029, 0.872368, 1, 0.438035, 0.368615, -0.819907, -0.114482, 0.532742, -0.838499, -7.42803, -26.9219, 305.302, -0.0430466, 0.194106, -0.0811639, -0.00281459, 0.474676
872, 29.0624, 0.877517, 1, 0.438, 0.365766, -0.821201, -0.114517, 0.528055, -0.841453, -7.40867, -27.0683, 305.758, -0.0462966, 0.194997, -0.0808249, -0.00483045, 0.46688
873, 29.0957, 0.873003, 1, 0.416624, 0.379501, -0.826077, -0.110613, 0.53862, -0.835256, -7.38739, -27.0934, 305.436, -0.0453933, 0.19502, -0.0805007, -0.0141079, 0.481228
874, 29.1291, 0.876576, 1, 0.429597, 0.380468, -0.818957, -0.1167, 0.533437, -0.837751, -7.48014, -27.2181, 305.69, -0.0472186, 0.197111, -0.0787412, -0.0131244, 0.477794
875, 29.1625, 0.878035, 1, 0.409438, 0.377233, -0.830696, -0.11441, 0.518244, -0.847546, -7.61908, -27.4658, 306.456, -0.051069, 0.201095, -0.0768296, -0.0341618, 0.462283
876, 29.1958, 0.873919, 1, 0.405445, 0.378556, -0.832051, -0.11633, 0.516071, -0.848609, -7.61896, -27.527, 305.828, -0.0495771, 0.199583, -0.0760884, -0.0349599, 0.463424
877, 29.2292, 0.874241, 1, 0.421316, 0.377147, -0.824775, -0.11375, 0.523003, -0.844706, -7.87159, -27.9555, 306.361, -0.0475038, 0.197575, -0.0749428, -0.0212944, 0.469253
878, 29.2626, 0.87132, 1, 0.425809, 0.352674, -0.833251, -0.11375, 0.524697, -0.843655, -7.98203, -28.6269, 307.767, -0.0496223, 0.197863, -0.0760896, -0.0206181, 0.454308
879, 29.2959, 0.870527, 1, 0.370834, 0.240796, -0.896939, -0.112981, 0.490835, -0.863896, -8.24833, -29.1327, 309.014, -0.0412051, 0.199065, -0.074842, -0.0718865, 0.382207
880, 29.3293, 0.866401, 1, 0.375677, 0.248662, -0.892768, -0.106246, 0.498996, -0.860067, -8.38578, -29.5162, 311.535, -0.0333443, 0.200525, -0.0738968, -0.0663268, 0.397945
881, 29.3627, 0.858623, 1, 0.372596, 0.258288, -0.891325, -0.091283, 0.503274, -0.859292, -8.55519, -29.6218, 312.793, -0.0297577, 0.196962, -0.0712148, -0.0539153, 0.407394
882, 29.396, 0.862008, 1, 0.381007, 0.250052, -0.890117, -0.0854276, 0.517064, -0.851673, -8.72231, -29.6871, 313.08, -0.0283295, 0.19387, -0.0684931, -0.0389881, 0.412064
883, 29.4294, 0.864089, 1, 0.371694, 0.256999, -0.892073, -0.0830881, 0.506563, -0.85819, -8.927, -29.8715, 314.336, -0.0242081, 0.192969, -0.066341, -0.0433444, 0.413302
884, 29.4628, 0.862436, 1, 0.383438, 0.252896, -0.888267, -0.0752365, 0.513444, -0.854819, -9.07274, -29.8613, 314.763, -0.0255536, 0.195785, -0.0655563, -0.033944, 0.41283
885, 29.4961, 0.873443, 1, 0.441625, 0.364364, -0.819882, -0.141084, 0.476298, -0.867891, -9.11714, -29.6876, 314.646, -0.0370159, 0.186331, -0.0663853, -0.0123326, 0.448611
886, 29.5295, 0.866299, 1, 0.365474, 0.435146, -0.822846, -0.330095, 0.486987, -0.808629, -9.6926, -29.3791, 315.527, 0.00093376, 0.185285, -0.0769327, -0.153232, 0.553294
887, 29.5629, 0.8657, 1, 0.355226, 0.34897, -0.867199, -0.336052, 0.435403, -0.83516, -9.76242, -29.4655, 314.826, -0.000151719, 0.180234, -0.079126, -0.162207, 0.470823
888, 29.5962, 0.859994, 1, 0.37144, 0.319991, -0.871572, -0.388189, 0.417212, -0.821732, -9.75207, -29.3535, 311.942, 0.00337766, 0.170526, -0.080154, -0.170639, 0.455094
889, 29.6296, 0.863529, 1, 0.379973, 0.325285, -0.865916, -0.394853, 0.427399, -0.813278, -9.96124, -29.9744, 312.635, -0.0183455, 0.173743, -0.0800301, -0.172133, 0.44833
890, 29.663, 0.853836, 1, 0.462816, 0.357195, -0.811303, -0.154141, 0.5153, -0.843034, -10.2051, -30.6779, 315.396, -0.046966, 0.186574, -0.072742, -0.000648736, 0.460586
891, 29.6963, 0.835149, 1, 0.434997, 0.229073, -0.870806, -0.138247, 0.472544, -0.870396, -10.7551, -31.2162, 317.06, -0.0350751, 0.194526, -0.0683262, -0.043727, 0.374433
892, 29.7297, 0.827424, 1, 0.386525, 0.230439, -0.893026, -0.173041, 0.459278, -0.871275, -11.1092, -31.3387, 316.583, -0.033789, 0.194736, -0.0685976, -0.0902946, 0.371563
893, 29.7631, 0.834726, 1, 0.376892, 0.245568, -0.893112, -0.189132, 0.44097, -0.877368, -11.4941, -31.581, 316.787, -0.0397869, 0.198298, -0.0700633, -0.107594, 0.365314
894, 29.7964, 0.817168, 1, 0.369697, 0.265782, -0.890328, -0.202709, 0.456321, -0.866418, -11.7776, -31.828, 315.069, -0.0439233, 0.189988, -0.0717667, -0.102731, 0.383423
895, 29.8298, 0.828584, 1, 0.360623, 0.292999, -0.885495, -0.209711, 0.471771, -0.856419, -11.8999, -32.1385, 315.165, -0.0377778, 0.190335, -0.0734206, -0.10921, 0.413041
896, 29.8632, 0.837593, 1, 0.349447, 0.318152, -0.881287, -0.196878, 0.493203, -0.847343, -12.0206, -32.2952, 314.095, -0.0355627, 0.188596, -0.0753108, -0.0998726, 0.43921
897, 29.8965, 0.838765, 1, 0.343728, 0.3313, -0.878687, -0.226646, 0.496717, -0.837797, -12.0241, -32.5402, 314.169, -0.0390251, 0.189124, -0.0751729, -0.119148, 0.448964
898, 29.9299, 0.84905, 1, 0.349053, 0.346792, -0.870573, -0.193244, 0.493181, -0.848192, -11.9165, -32.7408, 314.014, -0.0481548, 0.185479, -0.0745506, -0.0911016, 0.441956
899, 29.9633, 0.856217, 1, 0.334805, 0.382128, -0.861327, -0.195836, 0.492262, -0.848131, -11.7881, -32.8468, 313.394, -0.0413506, 0.182632, -0.074318, -0.0948093, 0.467369
900, 29.9966, 0.872325, 1, 0.2944, 0.405119, -0.865568, -0.189349, 0.488983, -0.851494, -11.4705, -32.9683, 313.521, -0.0471724, 0.181055, -0.072782, -0.113043, 0.471897
901, 30.03, 0.876434, 1, 0.288882, 0.409257, -0.86548, -0.192387, 0.486182, -0.852417, -11.2265, -32.975, 312.212, -0.0494568, 0.169772, -0.0718805, -0.10418, 0.471214
902, 30.0634, 0.880977, 1, 0.286498, 0.411285, -0.865312, -0.202496, 0.48943, -0.848206, -10.9643, -32.9299, 312.194, -0.049078, 0.172072, -0.0736136, -0.11285, 0.476566
903, 30.0967, 0.883753, 1, 0.305759, 0.394739, -0.866425, -0.194489, 0.486345, -0.851847, -10.8054, -32.843, 311.927, -0.0472905, 0.171249, -0.0722376, -0.0989794, 0.465914
904, 30.1301, 0.887606, 1, 0.292814, 0.408683, -0.864429, -0.195951, 0.484647, -0.852479, -10.5682, -32.6336, 311.634, -0.04997, 0.1727, -0.0726278, -0.109169, 0.470702
905, 30.1635, 0.89479, 1, 0.280871, 0.390993, -0.876491, -0.184759, 0.479087, -0.858103, -10.3203, -32.2917, 310.716, -0.0538418, 0.17046, -0.0720966, -0.10889, 0.452358
906, 30.1968, 0.8876, 1, 0.284902, 0.392614, -0.874463, -0.199658, 0.474794, -0.857151, -10.0111, -32.0244, 309.879, -0.053863, 0.170785, -0.073433, -0.114148, 0.452617
907, 30.2302, 0.89248, 1, 0.269714, 0.40544, -0.873426, -0.19188, 0.473619, -0.859574, -9.82878, -31.9901, 309.697, -0.0523065, 0.170963, -0.073124, -0.118223, 0.460046
908, 30.2636, 0.890357, 1, 0.238981, 0.410791, -0.879852, -0.181478, 0.481764, -0.857303, -9.64144, -31.9668, 309.525, -0.0492647, 0.172366, -0.0719179, -0.133217, 0.469898
1027, 34.2342, 0.899463, 1, 0.383416, 0.287172, -0.877795, -0.272638, 0.407928, -0.871357, -12.3001, -28.0836, 314.426, -0.000272574, 0.168319, -0.0805577, -0.0995317, 0.409434
1028, 34.2676, 0.906569, 1, 0.450318, 0.344201, -0.823856, -0.258194, 0.466533, -0.84598, -12.3151, -28.5998, 317.417, -0.0187509, 0.180792, -0.0710845, -0.0703482, 0.464346
1029, 34.3009, 0.901384, 1, 0.392278, 0.21645, -0.894017, -0.235576, 0.479811, -0.845154, -12.5156, -28.5145, 317.448, 0.00111779, 0.189359, -0.0716221, -0.113199, 0.415451
1030, 34.3343, 0.899659, 1, 0.361011, 0.224462, -0.905145, -0.236295, 0.462389, -0.854612, -12.6571, -28.3835, 316.743, 0.00436719, 0.182203, -0.07072, -0.123467, 0.412967
1031, 34.3677, 0.903432, 1, 0.35582, 0.217178, -0.90897, -0.246184, 0.461959, -0.852049, -12.6744, -28.3144, 317.102, -0.00160209, 0.185291, -0.0723383, -0.132523, 0.404325
1032, 34.401, 0.902621, 1, 0.342512, 0.216562, -0.914213, -0.247478, 0.455766, -0.855004, -12.6624, -28.3661, 316.119, 0.00253937, 0.176304, -0.0709234, -0.131855, 0.405022
1033, 34.4344, 0.903397, 1, 0.362592, 0.212314, -0.907441, -0.247382, 0.457205, -0.854263, -12.6927, -28.2582, 316.95, 1.92837e-05, 0.1864, -0.0741654, -0.131321, 0.400641
1034, 34.4678, 0.899983, 1, 0.332847, 0.217043, -0.917663, -0.245689, 0.449834, -0.858654, -12.8404, -28.3079, 316.65, 0.00258549, 0.178357, -0.070997, -0.138869, 0.401742
1035, 34.5011, 0.904392, 1, 0.358373, 0.20303, -0.911234, -0.246009, 0.449249, -0.858868, -12.7182, -28.2325, 317.322, -0.00233341, 0.186388, -0.0714682, -0.134704, 0.387975
1036, 34.5345, 0.898812, 1, 0.305776, 0.230562, -0.923765, -0.21514, 0.458632, -0.86219, -12.7185, -28.2712, 316.075, -0.000174571, 0.178372, -0.0703283, -0.135969, 0.407935
1037, 34.5679, 0.898966, 1, 0.289689, 0.234858, -0.927859, -0.213605, 0.46298, -0.860246, -12.6373, -28.1993, 316.68, -0.00376646, 0.183878, -0.0715967, -0.150373, 0.408705
1038, 34.6012, 0.897433, 1, 0.282364, 0.23529, -0.930005, -0.213375, 0.456523, -0.863746, -12.6633, -28.2234, 316.334, 0.00191905, 0.17838, -0.0707735, -0.148062, 0.411452
1039, 34.6346, 0.900228, 1, 0.267347, 0.231734, -0.935321, -0.205519, 0.457645, -0.865057, -12.4269, -28.1465, 316.725, -0.00289623, 0.18106, -0.0706685, -0.155239, 0.404052
1040, 34.668, 0.898182, 1, 0.277056, 0.237138, -0.931131, -0.203452, 0.465466, -0.861364, -12.3143, -28.2472, 316.74, 0.0063226, 0.174393, -0.0705111, -0.140119, 0.419698
1041, 34.7013, 0.902124, 1, 0.26998, 0.2384, -0.932886, -0.202556, 0.477396, -0.855023, -12.2204, -28.1299, 316.961, 0.00477459, 0.177238, -0.0709183, -0.145368, 0.425514
1042, 34.7347, 0.899325, 1, 0.288856, 0.23696, -0.927584, -0.196594, 0.483397, -0.85304, -12.2061, -28.0695, 317.034, 0.00776389, 0.176205, -0.0722303, -0.128322, 0.431004
1043, 34.7681, 0.899855, 1, 0.310538, 0.232676, -0.921644, -0.201766, 0.479234, -0.854181, -12.04, -27.9884, 317.185, 0.010515, 0.176595, -0.0705103, -0.121709, 0.427647
1044, 34.8014, 0.898598, 1, 0.292173, 0.237348, -0.926445, -0.210282, 0.480043, -0.851669, -12.1861, -28.0024, 317.394, 0.0109696, 0.177026, -0.071939, -0.135316, 0.433455
1045, 34.8348, 0.896503, 1, 0.287951, 0.235661, -0.928196, -0.197757, 0.494415, -0.846431, -12.2155, -27.8894, 317.095, 0.0124331, 0.176994, -0.0691084, -0.133829, 0.440379
1046, 34.8682, 0.894663, 1, 0.306681, 0.22917, -0.923812, -0.200186, 0.501017, -0.841966, -12.3671, -27.887, 317.546, 0.009802, 0.182052, -0.0721677, -0.129522, 0.439619
1047, 34.9015, 0.897311, 1, 0.303359, 0.22993, -0.924719, -0.221861, 0.472651, -0.852865, -12.4263, -27.8421, 317.717, 0.00982637, 0.18458, -0.0727611, -0.148149, 0.425642
1048, 34.9349, 0.894991, 1, 0.297267, 0.227958, -0.927182, -0.197745, 0.492997, -0.847261, -12.5705, -27.7102, 316.361, 0.0147854, 0.176458, -0.0733055, -0.127542, 0.438759
1049, 34.9683, 0.898471, 1, 0.309023, 0.231323, -0.922494, -0.214923, 0.491341, -0.844033, -12.7086, -27.5367, 316.827, 0.0120007, 0.185335, -0.0762423, -0.140043, 0.438245
1050, 35.0016, 0.899054, 1, 0.318513, 0.22873, -0.919909, -0.218913, 0.479494, -0.849801, -12.9754, -27.5465, 317.025, 0.0101523, 0.188814, -0.0770418, -0.142011, 0.428998
1051, 35.035, 0.899741, 1, 0.320992, 0.226343, -0.919637, -0.22588, 0.470939, -0.852757, -13.1486, -27.5917, 317.385, 0.0156927, 0.18689, -0.0763965, -0.144153, 0.428249
1052, 35.0684, 0.900229, 1, 0.318287, 0.230351, -0.919582, -0.213616, 0.476356, -0.852908, -13.3793, -27.4607, 316.938, 0.0157821, 0.188196, -0.0779165, -0.138589, 0.432868
1053, 35.1017, 0.898155, 1, 0.327035, 0.233952, -0.915595, -0.219325, 0.468405, -0.855859, -13.6409, -27.4368, 316.964, 0.013914, 0.188864, -0.0776942, -0.138073, 0.428903
1054, 35.1351, 0.898235, 1, 0.342352, 0.232441, -0.910366, -0.21421, 0.473661, -0.85426, -13.8231, -27.3838, 316.824, 0.0171651, 0.19041, -0.0789866, -0.129149, 0.433277
1055, 35.1685, 0.899741, 1, 0.334235, 0.258482, -0.906352, -0.139907, 0.492969, -0.858724, -13.9827, -27.3112, 316.917, 0.0167572, 0.193307, -0.0820677, -0.0917874, 0.44953
1056, 35.2018, 0.900199, 1, 0.339674, 0.246668, -0.907621, -0.152494, 0.490232, -0.858148, -13.9942, -27.2445, 316.992, 0.0173067, 0.194659, -0.0808144, -0.0999417, 0.442506
1057, 35.2352, 0.900196, 1, 0.34857, 0.24899, -0.903606, -0.128097, 0.51538, -0.847334, -14.2011, -27.3669, 317.795, 0.0213461, 0.195859, -0.0828625, -0.0786075, 0.459805
1058, 35.2686, 0.899593, 1, 0.339346, 0.234041, -0.911081, -0.106891, 0.516872, -0.849363, -14.2418, -27.3433, 317.646, 0.0207486, 0.195603, -0.0824937, -0.0733091, 0.449348
1059, 35.3019, 0.896287, 1, 0.332626, 0.257071, -0.907345, -0.0977504, 0.515153, -0.851506, -14.2118, -27.178, 316.132, 0.0180823, 0.189344, -0.0832144, -0.0593813, 0.458166
1060, 35.3353, 0.901819, 1, 0.347352, 0.227645, -0.909684, -0.090087, 0.507963, -0.856655, -14.1996, -27.1597, 316.733, 0.0215463, 0.189969, -0.081573, -0.0524041, 0.439338
1061, 35.3687, 0.898201, 1, 0.344493, 0.267717, -0.899807, -0.0847824, 0.523399, -0.84786, -14.2006, -27.1312, 316.523, 0.0187662, 0.191187, -0.0840876, -0.0461665, 0.467485
1062, 35.402, 0.896144, 1, 0.350563, 0.231992, -0.907351, -0.0969813, 0.517893, -0.84993, -14.0898, -27.1197, 316.44, 0.0183062, 0.191901, -0.0819983, -0.0560799, 0.445164
1063, 35.4354, 0.893061, 1, 0.3371, 0.265314, -0.903312, -0.0917831, 0.521806, -0.848112, -14.0847, -27.0834, 316.001, 0.0182402, 0.189167, -0.0840867, -0.0519988, 0.466079
1064, 35.4688, 0.900839, 1, 0.350366, 0.230326, -0.907851, -0.110094, 0.512398, -0.851662, -13.8801, -27.0506, 316.898, 0.0230025, 0.19751, -0.0853737, -0.0711169, 0.446486
1065, 35.5021, 0.895684, 1, 0.336343, 0.262558, -0.904399, -0.105005, 0.519361, -0.848079, -13.7842, -27.0672, 316.288, 0.0240794, 0.193373, -0.085113, -0.0669994, 0.469477
1066, 35.5355, 0.901902, 1, 0.349365, 0.224676, -0.909651, -0.113932, 0.513059, -0.850758, -13.6264, -27.1257, 316.303, 0.0236314, 0.189937, -0.0825995, -0.0647672, 0.445056
1067, 35.5689, 0.899013, 1, 0.342385, 0.244797, -0.907109, -0.117084, 0.512102, -0.850907, -13.5222, -27.0758, 316.596, 0.021958, 0.194474, -0.0859887, -0.0727414, 0.454386
1068, 35.6022, 0.89694, 1, 0.349678, 0.228007, -0.908701, -0.101113, 0.509889, -0.854277, -13.3125, -27.0919, 316.251, 0.0267314, 0.190679, -0.0834343, -0.058945, 0.446511
1069, 35.6356, 0.892461, 1, 0.330582, 0.2611, -0.906941, -0.103056, 0.514555, -0.851242, -13.1227, -27.0189, 315.593, 0.0237801, 0.187104, -0.0837251, -0.0617721, 0.465095
1070, 35.669, 0.897366, 1, 0.353996, 0.26416, -0.897166, -0.117402, 0.511155, -0.851433, -12.9739, -26.9438, 315.8, 0.0264609, 0.187886, -0.0826506, -0.0583496, 0.467851
1942, 64.7647, 0.860895, 1, 0.369763, 0.280191, -0.885872, -0.0746656, 0.416371, -0.906124, -6.28999, -31.3724, 325.726, -0.0223967, 0.143478, -0.0616531, 0.00969821, 0.369894
1943, 64.7981, 0.852321, 1, 0.353065, 0.206215, -0.91259, -0.0735556, 0.422458, -0.903393, -5.97657, -31.4626, 325.446, -0.0258026, 0.145877, -0.0593247, -0.00789015, 0.331202
1944, 64.8314, 0.843352, 1, 0.354645, 0.191486, -0.915183, -0.0776793, 0.43268, -0.898195, -5.8002, -31.4371, 325.281, -0.0292636, 0.148592, -0.0587055, -0.0130016, 0.326099
1945, 64.8648, 0.850525, 1, 0.367804, 0.182101, -0.911899, -0.098429, 0.408852, -0.907277, -5.83784, -31.2965, 324.442, -0.0422177, 0.154199, -0.0582821, -0.0235357, 0.296848
1946, 64.8982, 0.83754, 1, 0.362196, 0.206622, -0.908912, -0.0825495, 0.449096, -0.889662, -6.07985, -30.9723, 322.878, -0.0339814, 0.156057, -0.0567994, -0.0187411, 0.338594
1947, 64.9315, 0.84174, 1, 0.367182, 0.18901, -0.910743, -0.0912526, 0.44847, -0.889127, -6.34576, -30.7494, 322.949, -0.0430132, 0.162876, -0.057248, -0.0298763, 0.320782
1948, 64.9649, 0.831608, 1, 0.354475, 0.163223, -0.920709, -0.109869, 0.461593, -0.880262, -6.61416, -30.2655, 322.527, -0.0326241, 0.165168, -0.0599037, -0.0495707, 0.325224
1949, 64.9983, 0.844999, 1, 0.371506, 0.160596, -0.914435, -0.131585, 0.453701, -0.881386, -6.79458, -29.7954, 320.935, -0.0351476, 0.166183, -0.0609835, -0.0516444, 0.319088
1950, 65.0316, 0.840606, 1, 0.373103, 0.163923, -0.913194, -0.147865, 0.474668, -0.867655, -7.16117, -29.3242, 320.354, -0.034256, 0.169517, -0.0624778, -0.0604301, 0.33491
1951, 65.065, 0.836461, 1, 0.37606, 0.163503, -0.912055, -0.141182, 0.478259, -0.866796, -7.35089, -28.971, 320.322, -0.0334351, 0.176037, -0.0656108, -0.0644484, 0.336889
1952, 65.0984, 0.83406, 1, 0.374937, 0.166648, -0.911949, -0.151244, 0.504175, -0.850254, -7.41123, -28.6505, 320.673, -0.033933, 0.178706, -0.0668651, -0.0718952, 0.354711
1953, 65.1317, 0.837867, 1, 0.389269, 0.333633, -0.858579, -0.150629, 0.487534, -0.860013, -7.19274, -28.0954, 319.055, -0.0277561, 0.170708, -0.0674695, -0.0395775, 0.439844
1954, 65.1651, 0.825337, 1, 0.418019, 0.317619, -0.851104, -0.153748, 0.478146, -0.864718, -6.99462, -27.8093, 318.538, -0.033176, 0.167814, -0.0697422, -0.0204219, 0.421548
1955, 65.1985, 0.82719, 1, 0.389842, 0.353266, -0.850427, -0.138173, 0.486945, -0.862434, -6.95226, -27.467, 318.65, -0.0291864, 0.168463, -0.0748109, -0.023701, 0.448476
1956, 65.2318, 0.80488, 1, 0.380601, 0.420562, -0.823572, -0.144705, 0.523998, -0.839337, -6.94796, -27.187, 318.165, -0.018782, 0.162998, -0.0774736, -0.0154559, 0.519204
1957, 65.2652, 0.804948, 1, 0.369152, 0.388853, -0.844109, -0.137126, 0.50697, -0.850987, -7.11128, -27.0658, 318.7, -0.0203065, 0.164503, -0.0802549, -0.0243775, 0.488466
1958, 65.2986, 0.78958, 1, 0.382963, 0.416003, -0.824792, -0.138122, 0.527131, -0.838484, -7.43637, -26.7675, 317.42, -0.0143831, 0.167272, -0.0838593, -0.013115, 0.522073
1959, 65.3319, 0.791664, 1, 0.397948, 0.410832, -0.820277, -0.126668, 0.53092, -0.837902, -7.83644, -26.7151, 317.218, -0.0151929, 0.169922, -0.0867521, 0.00256206, 0.518842
1960, 65.3653, 0.793637, 1, 0.383844, 0.423038, -0.820794, -0.100433, 0.510499, -0.853993, -8.33785, -26.5451, 317.941, -0.00505538, 0.176986, -0.0885663, -0.00315994, 0.518529
1961, 65.3987, 0.810705, 1, 0.351313, 0.405902, -0.843696, -0.111424, 0.529249, -0.841119, -8.52486, -26.6174, 318.007, -0.0185476, 0.178601, -0.0880081, -0.0303153, 0.509115
1962, 65.432, 0.796134, 1, 0.376959, 0.440346, -0.81486, -0.103357, 0.515998, -0.850331, -8.97518, -26.5703, 318.537, -0.0140193, 0.181627, -0.0910469, -0.0121271, 0.524505
1963, 65.4654, 0.799012, 1, 0.364475, 0.448232, -0.816239, -0.110192, 0.523078, -0.845131, -9.26423, -26.4941, 318.011, -0.0228229, 0.182495, -0.0940278, -0.0215164, 0.524574
1964, 65.4988, 0.805144, 1, 0.378644, 0.451666, -0.807853, -0.11998, 0.518362, -0.846703, -9.67077, -26.5088, 318.353, -0.0196968, 0.182339, -0.0961071, -0.0165673, 0.527424
1965, 65.5321, 0.786882, 1, 0.354766, 0.472341, -0.806868, -0.141065, 0.541013, -0.829099, -10.1892, -26.5762, 317.435, -0.0382252, 0.182321, -0.0975722, -0.0347288, 0.537977
1966, 65.5655, 0.805534, 1, 0.361689, 0.462778, -0.809332, -0.136056, 0.512625, -0.847764, -11.3507, -26.5466, 320.979, -0.00841553, 0.189065, -0.0944998, -0.0422937, 0.541292
1967, 65.5989, 0.80457, 1, 0.350776, 0.476136, -0.806381, -0.12932, 0.512115, -0.849126, -11.9262, -26.6418, 321.705, -0.0137364, 0.189898, -0.0922311, -0.0450209, 0.543714
1968, 65.6322, 0.817454, 1, 0.341348, 0.449105, -0.825704, -0.140682, 0.515001, -0.845567, -12.4697, -26.6197, 321.311, -0.0178148, 0.186241, -0.0915395, -0.0530251, 0.527549
1969, 65.6656, 0.800599, 1, 0.35718, 0.467624, -0.808548, -0.109068, 0.507716, -0.854593, -12.4966, -26.5672, 320.618, -0.0198872, 0.186385, -0.099364, -0.0215708, 0.528472
1970, 65.699, 0.810329, 1, 0.353004, 0.454723, -0.817689, -0.118641, 0.511163, -0.851256, -13.2628, -26.5039, 321.47, -0.00701296, 0.188072, -0.0955676, -0.0338556, 0.535579
1971, 65.7323, 0.802359, 1, 0.368347, 0.457189, -0.809505, -0.122906, 0.50548, -0.85404, -13.7925, -26.5731, 321.548, -0.00267412, 0.189533, -0.0922388, -0.030187, 0.539215
1972, 65.7657, 0.805633, 1, 0.38423, 0.452593, -0.804691, -0.0874169, 0.513962, -0.853347, -13.9308, -26.4515, 320.049, -0.0115959, 0.196334, -0.0979948, -0.00640449, 0.531155
1973, 65.7991, 0.794119, 1, 0.37336, 0.462648, -0.804089, -0.107263, 0.5121, -0.852202, -14.4105, -26.4311, 320.598, 0.00170486, 0.187553, -0.0937121, -0.0129996, 0.548731
1974, 65.8324, 0.791376, 1, 0.364533, 0.464383, -0.807133, -0.102479, 0.517936, -0.849259, -14.9168, -26.4344, 320.673, 0.000731639, 0.18827, -0.0916253, -0.0168466, 0.551562
1975, 65.8658, 0.796925, 1, 0.369518, 0.460267, -0.807224, -0.107681, 0.511879, -0.852282, -15.311, -26.4818, 321.472, -0.000168378, 0.192024, -0.0898417, -0.0219356, 0.545314
1976, 65.8992, 0.799636, 1, 0.354147, 0.481168, -0.801909, -0.0828954, 0.502875, -0.860375, -15.0898, -26.295, 319.659, -0.01172, 0.188559, -0.0992127, -0.00754956, 0.538559
1977, 65.9325, 0.791611, 1, 0.370369, 0.463185, -0.805163, -0.113711, 0.494564, -0.86167, -15.9579, -26.1768, 320.881, 0.0186842, 0.202167, -0.0949802, -0.0400679, 0.556367
1978, 65.9659, 0.790823, 1, 0.310447, 0.470656, -0.825897, -0.118181, 0.490025, -0.86366, -15.9873, -26.2764, 320.453, 0.0037725, 0.19123, -0.0943669, -0.0599353, 0.543265
1979, 65.9993, 0.806438, 1, 0.30572, 0.477933, -0.823478, -0.118962, 0.488978, -0.864146, -16.1085, -26.2456, 319.928, 0.0018569, 0.189156, -0.0948479, -0.0583171, 0.545129
1980, 66.0326, 0.793277, 1, 0.292633, 0.504149, -0.812527, -0.126325, 0.493574, -0.86048, -16.2696, -26.2515, 319.715, 0.00650086, 0.187853, -0.0952424, -0.0645325, 0.567702
1981, 66.066, 0.806529, 1, 0.306894, 0.481532, -0.82094, -0.115569, 0.49959, -0.858518, -16.4271, -26.323, 320.586, -0.00113219, 0.190363, -0.0934154, -0.055873, 0.550085
1982, 66.0994, 0.798247, 1, 0.282699, 0.471744, -0.835188, -0.120418, 0.498465, -0.858506, -16.5335, -26.2024, 319.866, 0.00229955, 0.183761, -0.095106, -0.0617382, 0.545934
1983, 66.1327, 0.788185, 1, 0.283357, 0.474218, -0.833562, -0.108625, 0.506265, -0.85551, -16.7921, -26.0352, 319.733, 0.0156296, 0.190623, -0.094937, -0.0635997, 0.56419
1984, 66.1661, 0.794926, 1, 0.30103, 0.470287, -0.829585, -0.110353, 0.49701, -0.860699, -16.8666, -25.9642, 318.783, 0.0149733, 0.187236, -0.0944092, -0.0507545, 0.556725
1985, 66.1995, 0.804913, 1, 0.272744, 0.48521, -0.830772, -0.104588, 0.510924, -0.85324, -16.7622, -26.1822, 321.162, 0.0154988, 0.189608, -0.0945715, -0.0659327, 0.571412
1986, 66.2328, 0.794103, 1, 0.278641, 0.511133, -0.813082, -0.096515, 0.513287, -0.852772, -17.0399, -26.1173, 320.369, 0.0286237, 0.196456, -0.0934177, -0.066975, 0.60149
1987, 66.2662, 0.808314, 1, 0.321341, 0.465482, -0.824661, -0.102713, 0.504043, -0.857549, -16.7837, -26.2423, 320.917, 0.00478965, 0.191018, -0.0939449, -0.0397922, 0.546259
1988, 66.2996, 0.790847, 1, 0.294098, 0.458538, -0.838599, -0.111489, 0.517405, -0.848447, -16.7186, -26.0319, 319.159, 0.00836784, 0.18132, -0.0976968, -0.0437853, 0.553577
1989, 66.3329, 0.804808, 1, 0.332209, 0.470245, -0.817622, -0.115437, 0.507949, -0.853617, -16.979, -26.2818, 321.26, 0.00252098, 0.190813, -0.0967748, -0.038569, 0.551301
1990, 66.3663, 0.805031, 1, 0.291739, 0.440083, -0.849244, -0.121563, 0.504007, -0.855102, -17.0383, -25.9993, 319.241, -0.00297212, 0.179751, -0.0988948, -0.0514006, 0.526378
1991, 66.3997, 0.806488, 1, 0.318694, 0.464503, -0.826239, -0.099107, 0.509341, -0.854839, -17.3301, -25.9369, 320.721, 0.00265819, 0.191282, -0.0984723, -0.0378073, 0.546488
1992, 66.433, 0.79941, 1, 0.309637, 0.473894, -0.824348, -0.113377, 0.516091, -0.848997, -17.5385, -25.6084, 319.547, 0.00739122, 0.180066, -0.103131, -0.0284208, 0.560436
1993, 66.4664, 0.796051, 1, 0.264832, 0.4906, -0.830166, -0.107062, 0.511348, -0.852679, -17.7615, -25.6764, 321.565, 0.0198818, 0.192787, -0.103193, -0.072448, 0.579297
1994, 66.4998, 0.795931, 1, 0.283953, 0.506705, -0.814015, -0.10867, 0.501727, -0.858173, -18.208, -25.4738, 321.798, 0.0327099, 0.200657, -0.101692, -0.0733691, 0.595888
1995, 66.5331, 0.796664, 1, 0.289806, 0.468456, -0.834603, -0.103206, 0.500664, -0.859467, -18.248, -25.4408, 320.833, 0.025325, 0.192572, -0.100878, -0.0583199, 0.565199
1996, 66.5665, 0.802702, 1, 0.315681, 0.45026, -0.835231, -0.105794, 0.500166, -0.859443, -18.4898, -25.6274, 321.132, 0.0206141, 0.191863, -0.100849, -0.0448516, 0.551056
1997, 66.5999, 0.830526, 1, 0.276601, 0.456594, -0.845585, -0.0719391, 0.471482, -0.878936, -18.5794, -25.8565, 322.022, 0.0118066, 0.186478, -0.101588, -0.0421367, 0.525247
2357, 78.6119, 0.888353, 1, 0.318693, 0.436951, -0.841136, -0.320569, 0.38442, -0.865712, -8.87307, -31.6582, 316.012, -0.0214076, 0.152279, -0.0298209, -0.179675, 0.467252
2358, 78.6452, 0.943223, 1, 0.324247, 0.413819, -0.850657, -0.357194, 0.382065, -0.852314, -9.22852, -31.292, 315.738, -0.0281939, 0.140496, -0.0285785, -0.18043, 0.449626
2359, 78.6786, 0.893443, 1, 0.369279, 0.394482, -0.841437, -0.312384, 0.393829, -0.864474, -8.75594, -30.6539, 316.068, -0.0266701, 0.166542, -0.0359561, -0.163218, 0.447501
2360, 78.712, 0.900756, 1, 0.374867, 0.392472, -0.839905, -0.357136, 0.423034, -0.832764, -8.91473, -30.3219, 314.414, -0.0121407, 0.142701, -0.0378172, -0.151735, 0.479732
2361, 78.7453, 0.891612, 1, 0.365051, 0.387906, -0.846325, -0.327116, 0.398485, -0.856858, -9.20127, -30.461, 316.18, -0.00824243, 0.144566, -0.0354022, -0.144977, 0.461355
2362, 78.7787, 0.941344, 1, 0.262165, 0.379156, -0.887418, -0.310472, 0.408743, -0.858217, -9.24908, -30.4574, 315.153, -0.00995035, 0.139702, -0.0332152, -0.18496, 0.456719
2363, 78.8121, 0.888979, 1, 0.38157, 0.387085, -0.839387, -0.344869, 0.414125, -0.842357, -8.77083, -30.3152, 315.136, -0.0238719, 0.161493, -0.0440682, -0.162639, 0.46287
2364, 78.8454, 0.885091, 1, 0.279859, 0.36579, -0.887624, -0.299919, 0.42927, -0.851925, -8.9846, -30.2804, 313.998, -0.0158205, 0.142796, -0.0407437, -0.169708, 0.454604
2365, 78.8788, 0.940315, 1, 0.163597, 0.280908, -0.945688, -0.0763965, 0.35505, -0.931721, -9.06475, -29.4102, 308.661, 0.00303877, 0.115644, -0.0415703, -0.0676786, 0.360142
2366, 78.9122, 0.930525, 1, 0.185287, 0.301623, -0.93525, -0.237098, 0.385346, -0.891792, -8.04461, -29.3478, 308.715, -0.0143273, 0.136381, -0.0466083, -0.171206, 0.387897
2367, 78.9455, 0.876048, 1, 0.414386, 0.386928, -0.823754, -0.293366, 0.48932, -0.821281, -8.69858, -30.0685, 316.046, -0.00792046, 0.169411, -0.0481827, -0.119616, 0.515868
2368, 78.9789, 0.931982, 1, 0.24079, 0.294254, -0.924897, -0.169325, 0.3085, -0.936032, -8.3477, -28.2227, 304.357, -0.00196599, 0.115057, -0.0474374, -0.071323, 0.339589
2369, 79.0123, 0.938639, 1, 0.240552, 0.31995, -0.916388, -0.15496, 0.389445, -0.907921, -8.09493, -28.0545, 305.341, -0.00771288, 0.121957, -0.0506478, -0.0682379, 0.393468
2370, 79.0456, 0.950593, 1, 0.223167, 0.323147, -0.919659, -0.230934, 0.420697, -0.877316, -7.88681, -28.2467, 307.541, -0.0187695, 0.132017, -0.0490526, -0.136006, 0.410323
2371, 79.079, 0.890063, 1, 0.2772, 0.407676, -0.870035, -0.21136, 0.50359, -0.837689, -8.08214, -29.132, 316.327, -0.0281353, 0.171498, -0.0409041, -0.157986, 0.502318
2372, 79.1124, 0.897347, 1, 0.228725, 0.324343, -0.917871, -0.230351, 0.472259, -0.850829, -7.89873, -29.1699, 315.689, -0.041495, 0.146846, -0.0345253, -0.166408, 0.42299
2373, 79.1457, 0.943457, 1, 0.195005, 0.262697, -0.944967, -0.365988, 0.393357, -0.843399, -7.89302, -28.9371, 311.954, -0.0237083, 0.135826, -0.0299275, -0.245009, 0.372529
2374, 79.1791, 0.895832, 1, 0.222447, 0.322959, -0.919899, -0.256362, 0.456712, -0.851876, -7.39791, -29.0004, 311.589, -0.0276969, 0.153977, -0.0375494, -0.191708, 0.431535
2375, 79.2125, 0.88312, 1, 0.317978, 0.361389, -0.87652, -0.348149, 0.406456, -0.84474, -8.43836, -28.7538, 313.222, -0.0023963, 0.144956, -0.0356455, -0.187275, 0.455755
2376, 79.2458, 0.951413, 1, 0.230143, 0.314232, -0.921028, -0.13867, 0.375219, -0.916505, -8.78079, -28.317, 311.053, -0.00557707, 0.128287, -0.0372285, -0.0888195, 0.385034
2377, 79.2792, 0.859248, 1, 0.4649, 0.365249, -0.806512, -0.401703, 0.321736, -0.857392, -8.90703, -28.3797, 312.094, -0.00609316, 0.159254, -0.0403248, -0.149657, 0.423238
2378, 79.3126, 0.862286, 1, 0.344667, 0.385107, -0.856094, -0.179106, 0.482122, -0.857601, -8.26216, -28.8476, 314.004, -0.0793665, 0.155961, -0.0223976, -0.088824, 0.424228
2379, 79.3459, 0.884301, 1, 0.362313, 0.352906, -0.862663, -0.134966, 0.44161, -0.886998, -8.43248, -28.8781, 315.303, -0.0945341, 0.149794, -0.0155978, -0.0531855, 0.367292
2380, 79.3793, 0.851615, 1, 0.413248, 0.392798, -0.821545, -0.0978654, 0.459942, -0.882539, -8.44673, -28.5537, 313.487, -0.0962909, 0.139221, -0.0107608, 0.0120023, 0.40056
2381, 79.4127, 0.851796, 1, 0.40478, 0.387344, -0.828322, -0.056175, 0.513108, -0.856484, -8.86863, -28.1875, 315.234, -0.0681747, 0.143062, -0.00978247, 0.0262814, 0.452787
2382, 79.446, 0.828315, 1, 0.409365, 0.375954, -0.831312, -0.0590929, 0.523057, -0.850246, -9.15261, -28.0466, 314.981, -0.0566717, 0.139726, -0.00869728, 0.0327844, 0.463656
2383, 79.4794, 0.82073, 1, 0.410409, 0.376078, -0.830741, -0.0573929, 0.519306, -0.852659, -9.54138, -28.07, 315.437, -0.0571103, 0.140029, -0.00854641, 0.0348557, 0.461746
2384, 79.5128, 0.827633, 1, 0.40495, 0.373424, -0.834608, -0.0309674, 0.522732, -0.851934, -9.95634, -28.1712, 316.538, -0.0539348, 0.143444, -0.00840774, 0.0416583, 0.463648
2385, 79.5461, 0.819335, 1, 0.405139, 0.373124, -0.83465, -0.0388234, 0.518975, -0.853907, -10.1987, -27.9026, 315.435, -0.0509905, 0.143144, -0.00931658, 0.0393815, 0.464131
2386, 79.5795, 0.82657, 1, 0.398346, 0.370398, -0.839122, -0.0365157, 0.519185, -0.853882, -10.3554, -27.8604, 315.365, -0.0482118, 0.142446, -0.0115247, 0.0386387, 0.464574
2387, 79.6129, 0.822382, 1, 0.39277, 0.369498, -0.842142, -0.0416285, 0.516008, -0.855572, -10.5624, -27.9413, 316.312, -0.0472643, 0.143233, -0.0113981, 0.0301345, 0.462861
2388, 79.6462, 0.817868, 1, 0.400747, 0.363247, -0.841102, -0.0427817, 0.513384, -0.857092, -10.8186, -27.8833, 316.708, -0.0476737, 0.142438, -0.0144324, 0.0367878, 0.45763
2389, 79.6796, 0.814306, 1, 0.403624, 0.375376, -0.834374, -0.058164, 0.488787, -0.870462, -10.99, -27.8336, 317.259, -0.0448607, 0.143943, -0.0140154, 0.026833, 0.453305
2390, 79.713, 0.81625, 1, 0.407664, 0.390237, -0.825546, -0.051054, 0.484658, -0.873212, -11.1785, -27.7372, 317.259, -0.0496085, 0.145655, -0.0162301, 0.0322184, 0.453886
2391, 79.7463, 0.815721, 1, 0.414511, 0.371038, -0.83097, -0.0348682, 0.505084, -0.862365, -11.2571, -27.6339, 317.075, -0.045007, 0.143567, -0.0150989, 0.0497056, 0.459916
2392, 79.7797, 0.929429, 1, 0.411762, 0.369608, -0.832972, -0.0809156, 0.463636, -0.882323, -11.2084, -27.4904, 316.238, -0.0591029, 0.139668, -0.016608, 0.0272904, 0.423505
2393, 79.8131, 0.814019, 1, 0.399779, 0.347542, -0.848169, -0.0511477, 0.527473, -0.848031, -10.6692, -26.6778, 314.169, -0.0362569, 0.159494, -0.0313023, 0.0162764, 0.465358
2394, 79.8464, 0.828772, 1, 0.421513, 0.350922, -0.83617, -0.0959523, 0.486875, -0.868185, -11.0885, -26.9903, 314.405, -0.0550407, 0.149134, -0.0273605, 0.0158215, 0.430284
2395, 79.8798, 0.830948, 1, 0.393383, 0.349302, -0.850434, -0.0531815, 0.531154, -0.845605, -11.2773, -26.9642, 315.353, -0.0600633, 0.152732, -0.0254719, 0.0203509, 0.446918
2396, 79.9132, 0.842284, 1, 0.408374, 0.343949, -0.845535, -0.0571498, 0.53661, -0.841893, -11.3251, -26.9394, 315.93, -0.0578981, 0.149871, -0.0237344, 0.0293069, 0.450206
2397, 79.9465, 0.833659, 1, 0.38789, 0.349113, -0.853031, -0.0484014, 0.538297, -0.841364, -11.3776, -26.9473, 315.943, -0.0609969, 0.151445, -0.0246404, 0.0221096, 0.45001
2398, 79.9799, 0.84055, 1, 0.418095, 0.337658, -0.843317, -0.0656696, 0.534581, -0.842562, -11.483, -27.0879, 316.57, -0.0626748, 0.152005, -0.0229631, 0.0288195, 0.442068
2399, 80.0133, 0.839208, 1, 0.396285, 0.366828, -0.841662, -0.0435368, 0.524928, -0.850033, -11.4978, -27.0103, 318.014, -0.0416131, 0.155375, -0.023243, 0.0225787, 0.469439
2400, 80.0466, 0.84814, 1, 0.392497, 0.374209, -0.840187, -0.106418, 0.497101, -0.861142, -11.5228, -27.2434, 317.221, -0.0620815, 0.147874, -0.025687, -0.00330261, 0.442673
2401, 80.08, 0.836416, 1, 0.405921, 0.369405, -0.835923, -0.0466409, 0.529973, -0.846731, -11.4695, -27.1878, 318.757, -0.0394123, 0.155832, -0.0217207, 0.0258054, 0.47704
2402, 80.1134, 0.83735, 1, 0.394919, 0.372633, -0.839752, -0.0845408, 0.505872, -0.858456, -11.4333, -27.1999, 316.918, -0.0609237, 0.146123, -0.0222842, 0.0108943, 0.446839
2403, 80.1467, 0.837657, 1, 0.413116, 0.356544, -0.837981, -0.0574895, 0.536947, -0.841655, -11.3747, -27.2115, 317.37, -0.0606013, 0.151804, -0.0201547, 0.029436, 0.456265
2404, 80.1801, 0.832251, 1, 0.398129, 0.374231, -0.837523, -0.0687069, 0.539272, -0.839324, -11.4179, -27.0052, 316.571, -0.0571218, 0.145995, -0.0203625, 0.0226082, 0.470827
2405, 80.2135, 0.840919, 1, 0.388497, 0.365831, -0.845717, -0.0631916, 0.53227, -0.844213, -11.5699, -27.039, 317.332, -0.0600499, 0.151574, -0.0184113, 0.0109446, 0.458777
2406, 80.2468, 0.827241, 1, 0.393263, 0.376969, -0.838593, -0.0569571, 0.548151, -0.834438, -11.8029, -26.988, 317.079, -0.0542572, 0.146798, -0.0201134, 0.02694, 0.479737
2407, 80.2802, 0.835626, 1, 0.411997, 0.354101, -0.839566, -0.0638069, 0.531628, -0.844571, -12.1015, -26.8643, 316.883, -0.0567986, 0.150216, -0.0185832, 0.0276133, 0.455099
2408, 80.3136, 0.828567, 1, 0.393012, 0.390229, -0.832624, -0.0390446, 0.529409, -0.847468, -12.4395, -26.7067, 317.82, -0.0383598, 0.156862, -0.0205684, 0.0249956, 0.489194
2409, 80.3469, 0.827807, 1, 0.387763, 0.379337, -0.840086, -0.0558269, 0.55778, -0.828109, -12.5668, -26.7977, 317.057, -0.0576192, 0.155873, -0.0223076, 0.017515, 0.482518
2410, 80.3803, 0.829653, 1, 0.41118, 0.373629, -0.831464, -0.0547714, 0.545277, -0.836464, -12.6143, -26.795, 317.452, -0.0559437, 0.161722, -0.0229022, 0.0231496, 0.475133
2411, 80.4137, 0.829659, 1, 0.420456, 0.374764, -0.826298, -0.0512896, 0.534308, -0.843732, -12.4533, -26.4243, 316.722, -0.0346718, 0.159033, -0.0242262, 0.0341972, 0.488114
2412, 80.447, 0.833318, 1, 0.393296, 0.388185, -0.833445, -0.0430661, 0.543946, -0.838014, -12.7982, -26.641, 316.176, -0.0540865, 0.168119, -0.0246764, 0.0129927, 0.481444
2413, 80.4804, 0.876549, 1, 0.384719, 0.402624, -0.830594, -0.0422742, 0.525674, -0.849635, -13.2885, -26.7763, 320.059, -0.0207184, 0.170666, -0.0179209, 0.000860664, 0.508182
2414, 80.5138, 0.854619, 1, 0.395278, 0.380547, -0.836026, -0.0348844, 0.52055, -0.853119, -12.8106, -26.8761, 318.758, -0.0348064, 0.16881, -0.0194232, 0.0130744, 0.48149
2415, 80.5471, 0.847338, 1, 0.383321, 0.391912, -0.836343, -0.0342024, 0.52186, -0.852345, -12.8015, -26.736, 317.575, -0.0351908, 0.16626, -0.0203513, 0.0103101, 0.488962
2416, 80.5805, 0.863049, 1, 0.387759, 0.380585, -0.839522, -0.041252, 0.524283, -0.850544, -12.6619, -26.6623, 317.625, -0.0388198, 0.16412, -0.0208198, 0.0114903, 0.48009
2417, 80.6139, 0.872582, 1, 0.391689, 0.3931, -0.831896, -0.0415546, 0.521495, -0.852242, -12.6062, -26.6198, 317.889, -0.0393802, 0.167291, -0.0205491, 0.0102816, 0.485268
2418, 80.6472, 0.875155, 1, 0.398715, 0.372606, -0.837969, -0.0444411, 0.515845, -0.855529, -12.5157, -26.4827, 317.089, -0.0427261, 0.166498, -0.0211095, 0.0115587, 0.467302
2419, 80.6806, 0.867139, 1, 0.384484, 0.389283, -0.837037, -0.0559017, 0.521682, -0.851307, -12.9448, -26.6522, 320.277, -0.0188726, 0.16646, -0.0169366, -0.00177121, 0.502367
2420, 80.714, 0.865861, 1, 0.375256, 0.400234, -0.836059, -0.0461329, 0.518304, -0.853952, -12.5393, -26.6246, 318.567, -0.037465, 0.167954, -0.0177728, -0.00492435, 0.489739
2421, 80.7473, 0.872043, 1, 0.366941, 0.409794, -0.835119, -0.0409619, 0.516183, -0.855498, -12.5076, -26.5166, 318.024, -0.0398717, 0.169866, -0.018063, -0.00920214, 0.490825
2422, 80.7807, 0.86961, 1, 0.368673, 0.406274, -0.836075, -0.0464225, 0.514362, -0.856316, -12.4566, -26.484, 317.651, -0.0408949, 0.172743, -0.0173159, -0.0157381, 0.487006
2423, 80.8141, 0.872298, 1, 0.369983, 0.405957, -0.83565, -0.0582497, 0.522195, -0.850834, -12.9684, -26.7605, 320.717, -0.0153204, 0.16864, -0.0126072, -0.0172772, 0.514614
2424, 80.8474, 0.854185, 1, 0.383348, 0.400726, -0.832144, -0.0620598, 0.522596, -0.850319, -12.4138, -26.6688, 317.751, -0.0315592, 0.169738, -0.0128884, -0.0121352, 0.500537
2425, 80.8808, 0.869221, 1, 0.372144, 0.414057, -0.830702, -0.0617924, 0.525035, -0.848834, -12.4046, -26.6464, 317.938, -0.033423, 0.168728, -0.0146144, -0.0165033, 0.506649
2426, 80.9142, 0.862897, 1, 0.383825, 0.413269, -0.825765, -0.0653784, 0.53301, -0.843579, -12.3049, -26.5972, 317.377, -0.0338465, 0.168202, -0.0152868, -0.00902909, 0.51121
2427, 80.9475, 0.871599, 1, 0.382503, 0.38921, -0.837978, -0.0717664, 0.525412, -0.847816, -12.2128, -26.6975, 317.565, -0.0283027, 0.169389, -0.0132727, -0.0182026, 0.500361
2428, 80.9809, 0.864087, 1, 0.385857, 0.409727, -0.826582, -0.099284, 0.518986, -0.848997, -12.0138, -26.5631, 316.821, -0.0297502, 0.170922, -0.0140059, -0.033068, 0.5087
2429, 81.0143, 0.858522, 1, 0.386813, 0.406532, -0.827712, -0.0668401, 0.543412, -0.836801, -11.9223, -26.5582, 317.457, -0.0282289, 0.171209, -0.0146899, -0.0132712, 0.518834
2430, 81.0476, 0.860307, 1, 0.366808, 0.407395, -0.83635, -0.062381, 0.53929, -0.839806, -11.9263, -26.607, 317.924, -0.0330493, 0.172705, -0.0171929, -0.023639, 0.511891
2431, 81.081, 0.857675, 1, 0.389574, 0.397019, -0.831028, -0.06256, 0.542817, -0.837518, -11.7006, -26.5474, 317.328, -0.0318906, 0.172029, -0.0159805, -0.010398, 0.509006
2432, 81.1144, 0.856901, 1, 0.386771, 0.393451, -0.834029, -0.0904708, 0.545243, -0.833382, -11.5445, -26.6383, 317.402, -0.0267824, 0.172448, -0.013384, -0.0302619, 0.516656
2433, 81.1477, 0.839235, 1, 0.391895, 0.378356, -0.838609, -0.0851811, 0.547646, -0.832363, -11.3579, -26.5893, 315.162, -0.0443313, 0.168091, -0.0145825, -0.0158268, 0.492677
2434, 81.1811, 0.846553, 1, 0.411497, 0.385181, -0.826018, -0.0934394, 0.555865, -0.826004, -11.2804, -26.5355, 316.727, -0.0219476, 0.17315, -0.0101745, -0.0185355, 0.523289
2435, 81.2145, 0.847502, 1, 0.379843, 0.392977, -0.837429, -0.101459, 0.540802, -0.835008, -11.3886, -26.8206, 318.364, -0.0255701, 0.172031, -0.0119846, -0.0415515, 0.515925
2436, 81.2478, 0.851211, 1, 0.384229, 0.396399, -0.833808, -0.0868093, 0.549369, -0.831059, -11.1608, -26.8494, 316.26, -0.0407465, 0.162811, -0.0110249, -0.0150862, 0.506949
2437, 81.2812, 0.846474, 1, 0.387822, 0.397946, -0.831404, -0.0971076, 0.548824, -0.830278, -11.1607, -26.7391, 317.294, -0.0213302, 0.166916, -0.0081448, -0.0276542, 0.525364
2438, 81.3146, 0.854618, 1, 0.3788, 0.382684, -0.842653, -0.0886538, 0.533125, -0.841379, -11.2196, -26.9895, 317.113, -0.0378986, 0.163879, -0.0100076, -0.0227268, 0.494171
2439, 81.3479, 0.859647, 1, 0.406081, 0.361928, -0.839111, -0.0826748, 0.552309, -0.82953, -11.1826, -26.9738, 317.2, -0.0404521, 0.166421, -0.00738009, -0.00810127, 0.49024
2440, 81.3813, 0.847784, 1, 0.394213, 0.394257, -0.830155, -0.0855055, 0.555236, -0.827286, -11.3155, -26.9954, 317.059, -0.0413194, 0.165342, -0.00941823, -0.012202, 0.509544
2441, 81.4147, 0.850015, 1, 0.396954, 0.380163, -0.835406, -0.0875058, 0.555225, -0.827084, -11.388, -26.9556, 317.384, -0.0463248, 0.166322, -0.0118192, -0.0126911, 0.496461
2442, 81.448, 0.83796, 1, 0.395865, 0.390102, -0.831331, -0.0879628, 0.549598, -0.830785, -11.4622, -27.0815, 317.15, -0.0448581, 0.165844, -0.0119875, -0.0106699, 0.500966
2443, 81.4814, 0.840023, 1, 0.39827, 0.388588, -0.830891, -0.087562, 0.556605, -0.82615, -11.5179, -27.0056, 317.203, -0.046668, 0.168137, -0.0124335, -0.0120876, 0.500446
2444, 81.5148, 0.833406, 1, 0.400353, 0.393342, -0.827647, -0.0995176, 0.563618, -0.820019, -11.7135, -27.2244, 317.716, -0.0482495, 0.166772, -0.0142229, -0.0121075, 0.508104
2445, 81.5481, 0.849616, 1, 0.408595, 0.389638, -0.825368, -0.106383, 0.563119, -0.8195, -11.7168, -27.2348, 317.712, -0.0491482, 0.168463, -0.0124822, -0.0145142, 0.50495
2446, 81.5815, 0.86127, 1, 0.381284, 0.385407, -0.840288, -0.112797, 0.542348, -0.832548, -12.5812, -27.5926, 322.252, -0.0205726, 0.16524, -0.0105409, -0.0330225, 0.516396
2447, 81.6149, 0.85376, 1, 0.401851, 0.394845, -0.826204, -0.115621, 0.540638, -0.833272, -12.1899, -27.5797, 320.58, -0.0249701, 0.171988, -0.0108059, -0.0313278, 0.518471
2448, 81.6482, 0.837521, 1, 0.39555, 0.406701, -0.823489, -0.109712, 0.536193, -0.836935, -12.1998, -27.5367, 319.381, -0.0298709, 0.17335, -0.014403, -0.0298374, 0.517823
2449, 81.6816, 0.853917, 1, 0.403856, 0.376423, -0.83379, -0.12001, 0.527098, -0.841288, -12.212, -27.6311, 320.077, -0.0273871, 0.176008, -0.0148664, -0.0367349, 0.49797
2450, 81.715, 0.871913, 1, 0.39905, 0.377583, -0.835578, -0.122844, 0.532572, -0.837422, -12.1107, -27.6252, 319.363, -0.0347211, 0.175204, -0.0141174, -0.0396109, 0.493784
2451, 81.7483, 0.869088, 1, 0.390325, 0.385427, -0.836118, -0.136308, 0.53696, -0.832523, -12.7234, -28.0504, 322.897, -0.0146134, 0.17156, -0.0108928, -0.0495619, 0.520821
2452, 81.7817, 0.872425, 1, 0.405748, 0.378274, -0.832032, -0.127594, 0.535108, -0.835092, -12.2679, -28.1753, 320.658, -0.0350893, 0.167602, -0.0113735, -0.0281489, 0.497381
2453, 81.8151, 0.868963, 1, 0.39503, 0.372531, -0.839745, -0.115416, 0.537907, -0.835066, -12.9107, -28.6672, 323.652, -0.0176497, 0.164015, -0.0082562, -0.0250531, 0.511294
2454, 81.8484, 0.881806, 1, 0.425409, 0.368812, -0.826441, -0.104956, 0.52184, -0.846562, -12.4102, -28.5439, 321.496, -0.0395292, 0.168271, -0.0112461, -0.00322527, 0.478665
2455, 81.8818, 0.869684, 1, 0.412456, 0.365345, -0.834508, -0.100009, 0.527497, -0.84365, -12.9648, -28.9658, 323.758, -0.0240965, 0.163403, -0.00676088, -0.00334186, 0.494218
2456, 81.9152, 0.878702, 1, 0.428062, 0.367654, -0.825587, -0.0969534, 0.528281, -0.843516, -12.4702, -29.1255, 323.137, -0.0407394, 0.171548, -0.00862702, -0.00364873, 0.481867
2457, 81.9485, 0.880052, 1, 0.4144, 0.385385, -0.824471, -0.097506, 0.525347, -0.845283, -12.3837, -29.0257, 321.923, -0.0383297, 0.171104, -0.0119309, -0.00841377, 0.490599
2458, 81.9819, 0.876649, 1, 0.414418, 0.383028, -0.825559, -0.091563, 0.522876, -0.847477, -12.2344, -29.2031, 321.911, -0.0417111, 0.170403, -0.0091609, -0.00554461, 0.485068
