3796, 63.3133, 0.966588, 1, 0.395909, 0.403321, -0.824978, 0.203438, 0.419485, -0.884673, -129.798, -21.2105, 332.551, -0.024863, 0.500453, -0.152405, -0.125269, 0.397874
3797, 63.3299, 0.970864, 1, 0.401925, 0.400944, -0.823225, 0.208012, 0.43475, -0.876198, -130.088, -20.5573, 331.715, -0.0186954, 0.509745, -0.156998, -0.124979, 0.408359
3798, 63.3466, 0.970452, 1, 0.399699, 0.397275, -0.826083, 0.225693, 0.415215, -0.881283, -130.844, -19.9561, 331.579, -0.011849, 0.518788, -0.160058, -0.128976, 0.39979
3799, 63.3633, 0.968685, 1, 0.401577, 0.395588, -0.825982, 0.234521, 0.419683, -0.87685, -131.459, -19.3991, 331.427, -0.00441764, 0.531408, -0.164157, -0.134422, 0.406046
3800, 63.38, 0.970661, 1, 0.401664, 0.422613, -0.812443, 0.245141, 0.420128, -0.873726, -131.964, -18.9738, 331.259, 0.0089601, 0.539674, -0.168463, -0.130545, 0.430394
3801, 63.3967, 0.860702, 1, 0.38053, 0.425433, -0.821099, 0.238135, 0.429011, -0.871345, -132.514, -18.5829, 331.54, 0.0174783, 0.55449, -0.17403, -0.158857, 0.445823
3802, 63.4134, 0.865957, 1, 0.366194, 0.423723, -0.828469, 0.242985, 0.429649, -0.86969, -133.612, -18.338, 332.159, 0.0218371, 0.559647, -0.167373, -0.171741, 0.451384
3803, 63.43, 0.859257, 1, 0.365496, 0.380774, -0.849367, 0.242629, 0.431676, -0.868785, -134.202, -18.227, 330.5, 0.018773, 0.587616, -0.149542, -0.215256, 0.432183
3804, 63.4467, 0.85582, 1, 0.393511, 0.384078, -0.835244, 0.251929, 0.42978, -0.867076, -135.815, -18.6013, 332.697, 0.0278608, 0.569128, -0.141378, -0.174464, 0.438316
3805, 63.4634, 0.854842, 1, 0.384085, 0.382569, -0.840309, 0.250422, 0.438709, -0.863031, -137.044, -19.0249, 334.902, 0.0358054, 0.56083, -0.139356, -0.170001, 0.450366
3806, 63.4801, 0.860382, 1, 0.370226, 0.3875, -0.844261, 0.236156, 0.442702, -0.865012, -137.977, -19.3416, 336.48, 0.0379644, 0.557779, -0.139358, -0.181146, 0.458834
3807, 63.4968, 0.983252, 1, 0.361292, 0.422006, -0.831492, 0.222797, 0.440176, -0.869831, -139.247, -19.4999, 339.927, 0.0502361, 0.547519, -0.150012, -0.17274, 0.487831
3808, 63.5135, 0.982652, 1, 0.371774, 0.428065, -0.823738, 0.228032, 0.457286, -0.859588, -138.772, -19.5502, 339.234, 0.0551196, 0.5469, -0.158765, -0.15599, 0.500859
3809, 63.5301, 0.982488, 1, 0.377, 0.42903, -0.820856, 0.214122, 0.459127, -0.86218, -138.686, -19.5789, 338.967, 0.0525375, 0.549183, -0.163197, -0.161412, 0.499942
3810, 63.5468, 0.982806, 1, 0.380618, 0.42934, -0.819022, 0.218768, 0.458019, -0.861603, -138.317, -19.4567, 338.059, 0.0484677, 0.552899, -0.166009, -0.160143, 0.494091
3811, 63.5635, 0.868505, 1, 0.385559, 0.435524, -0.813427, 0.216472, 0.459651, -0.861314, -138.126, -19.4045, 337.506, 0.044807, 0.557313, -0.168867, -0.160865, 0.493715
3812, 63.5802, 0.866523, 1, 0.371876, 0.436402, -0.819306, 0.212942, 0.459035, -0.862521, -139.756, -19.8726, 340.211, 0.0498163, 0.555018, -0.160677, -0.170149, 0.501384
3813, 63.5969, 0.855454, 1, 0.34374, 0.399224, -0.849978, 0.21431, 0.439429, -0.872338, -140.437, -20.2324, 339.586, 0.0220259, 0.572244, -0.135422, -0.222323, 0.451971
3814, 63.6136, 0.851731, 1, 0.342526, 0.39706, -0.851481, 0.205717, 0.433899, -0.877161, -141.701, -20.4576, 341.264, 0.00901524, 0.587646, -0.124732, -0.24689, 0.43881
3815, 63.6302, 0.848294, 1, 0.326833, 0.39851, -0.856954, 0.225162, 0.418434, -0.879895, -143.675, -20.8744, 344.409, -0.00164789, 0.601729, -0.109001, -0.264356, 0.423441
3816, 63.6469, 0.855753, 1, 0.325457, 0.391665, -0.860625, 0.221676, 0.423268, -0.878467, -144.959, -21.4144, 346.773, 0.00131305, 0.581424, -0.100911, -0.246697, 0.427137
3817, 63.6636, 0.867415, 1, 0.330347, 0.398408, -0.855653, 0.209114, 0.429134, -0.878701, -145.558, -21.8306, 347.646, 0.00494359, 0.576408, -0.0973557, -0.245116, 0.439404
3818, 63.6803, 0.870017, 1, 0.333324, 0.40791, -0.850003, 0.207917, 0.431962, -0.877599, -145.845, -22.1205, 348.284, 0.00884077, 0.581249, -0.099106, -0.247565, 0.449708
3819, 63.697, 0.870014, 1, 0.331488, 0.405382, -0.851928, 0.204097, 0.430285, -0.879318, -146.034, -22.2913, 348.632, 0.00921764, 0.586913, -0.0994242, -0.257671, 0.448321
3820, 63.7137, 0.873453, 1, 0.333562, 0.415255, -0.846344, 0.192157, 0.443648, -0.875358, -146.139, -22.5412, 348.705, 0.0108979, 0.595728, -0.10187, -0.268891, 0.463337
3821, 63.7303, 0.875086, 1, 0.344242, 0.411308, -0.843992, 0.197751, 0.437105, -0.877402, -146.34, -22.7957, 348.975, 0.00784023, 0.598078, -0.102713, -0.262488, 0.452521
3822, 63.747, 0.878716, 1, 0.346782, 0.410929, -0.843137, 0.198398, 0.441876, -0.874862, -146.487, -22.9965, 349.21, 0.00753721, 0.601567, -0.104219, -0.26335, 0.454417
3823, 63.7637, 0.879739, 1, 0.346689, 0.413861, -0.84174, 0.200892, 0.445784, -0.872307, -146.785, -23.2636, 349.702, 0.00664471, 0.607112, -0.104593, -0.266815, 0.457047
3824, 63.7804, 0.882561, 1, 0.343643, 0.418752, -0.840569, 0.203509, 0.448535, -0.870287, -146.915, -23.5345, 349.635, 0.00439206, 0.611042, -0.104821, -0.270043, 0.458899
3825, 63.7971, 0.886873, 1, 0.333826, 0.422506, -0.842644, 0.201577, 0.457894, -0.865852, -147.02, -23.7874, 349.557, 0.000892277, 0.614209, -0.104486, -0.278435, 0.464216
3826, 63.8138, 0.882356, 1, 0.336133, 0.42728, -0.839313, 0.204476, 0.459591, -0.864272, -147.431, -24.2771, 350.037, -0.000123735, 0.618897, -0.104627, -0.279767, 0.466647
3827, 63.8304, 0.883734, 1, 0.336027, 0.435112, -0.835322, 0.199133, 0.465426, -0.862395, -147.727, -24.6287, 350.293, -0.00268545, 0.615981, -0.104293, -0.277725, 0.472847
3828, 63.8471, 0.885392, 1, 0.339883, 0.422552, -0.840196, 0.193743, 0.466469, -0.863059, -147.86, -24.9464, 349.941, -0.010298, 0.619519, -0.101748, -0.284246, 0.460739
3829, 63.8638, 0.888802, 1, 0.345855, 0.428952, -0.834496, 0.198896, 0.467434, -0.861363, -148.509, -25.4161, 350.767, -0.0135743, 0.622227, -0.100676, -0.279268, 0.460565
3830, 63.8805, 0.884919, 1, 0.358684, 0.436385, -0.825175, 0.186409, 0.471819, -0.861765, -148.998, -25.9036, 351.437, -0.0142869, 0.626207, -0.102863, -0.28013, 0.466499
3831, 63.8972, 0.890093, 1, 0.35518, 0.433287, -0.828317, 0.185104, 0.475631, -0.859949, -149.573, -26.2331, 351.685, -0.021946, 0.630142, -0.098876, -0.287508, 0.461315
3832, 63.9139, 0.889396, 1, 0.356846, 0.433795, -0.827335, 0.169131, 0.478875, -0.861437, -149.948, -26.5857, 351.916, -0.0246395, 0.626654, -0.101524, -0.289887, 0.462106
3833, 63.9305, 0.892537, 1, 0.358313, 0.435839, -0.825625, 0.16607, 0.473949, -0.86475, -150.201, -26.853, 351.581, -0.0330493, 0.623994, -0.0995383, -0.288195, 0.453019
3834, 63.9472, 0.893093, 1, 0.356555, 0.429252, -0.829826, 0.186077, 0.468941, -0.863406, -150.581, -27.1722, 351.606, -0.0407252, 0.621963, -0.0992104, -0.276936, 0.436184
3835, 63.9639, 0.888147, 1, 0.358453, 0.42417, -0.83162, 0.17552, 0.473907, -0.862905, -151.229, -27.4297, 352.014, -0.0425244, 0.622403, -0.100945, -0.280784, 0.435076
3836, 63.9806, 0.897911, 1, 0.357697, 0.431431, -0.828203, 0.18836, 0.46976, -0.862465, -151.754, -27.7121, 352.174, -0.0437947, 0.620378, -0.105029, -0.269557, 0.432647
3837, 63.9973, 0.901151, 1, 0.357237, 0.423048, -0.832714, 0.213068, 0.461834, -0.860994, -152.413, -27.9535, 352.58, -0.046357, 0.621747, -0.106808, -0.258556, 0.417603
3838, 64.014, 0.904281, 1, 0.359536, 0.413973, -0.836278, 0.213129, 0.457373, -0.863357, -153.128, -28.1466, 352.774, -0.0472416, 0.623259, -0.10974, -0.25958, 0.408589
3839, 64.0306, 0.902087, 1, 0.375782, 0.394889, -0.838362, 0.202507, 0.46604, -0.861277, -153.502, -28.2153, 352.532, -0.0466747, 0.621645, -0.112859, -0.254519, 0.402286
3840, 64.0473, 0.899557, 1, 0.373494, 0.401502, -0.83624, 0.213989, 0.466779, -0.858094, -154.29, -28.2971, 352.626, -0.0472737, 0.625105, -0.115227, -0.250819, 0.403207
3841, 64.064, 0.901429, 1, 0.378586, 0.421597, -0.823971, 0.223522, 0.466371, -0.855883, -154.899, -28.3687, 352.203, -0.0465504, 0.62985, -0.118055, -0.243372, 0.411863
3842, 64.0807, 0.90239, 1, 0.392311, 0.406491, -0.825141, 0.227645, 0.467144, -0.854374, -155.672, -28.3546, 352.331, -0.0460364, 0.633621, -0.121725, -0.237652, 0.401175
3843, 64.0974, 0.904906, 1, 0.376858, 0.401816, -0.834579, 0.226519, 0.465032, -0.855824, -156.49, -28.2792, 352.085, -0.0449401, 0.641145, -0.123678, -0.255407, 0.400167
3844, 64.1141, 0.903567, 1, 0.384637, 0.393882, -0.834812, 0.223528, 0.461367, -0.858589, -157.237, -28.1756, 351.871, -0.0435424, 0.650307, -0.1257, -0.262988, 0.394388
3845, 64.1307, 0.907165, 1, 0.429214, 0.390079, -0.814625, 0.22746, 0.464075, -0.856093, -157.905, -28.1452, 351.758, -0.0386617, 0.656476, -0.130842, -0.239165, 0.391292
3846, 64.1474, 0.905106, 1, 0.434657, 0.382552, -0.815309, 0.235761, 0.468023, -0.851687, -158.992, -28.1795, 352.342, -0.0329, 0.66531, -0.134481, -0.23992, 0.391614
3847, 64.1641, 0.90686, 1, 0.438837, 0.386731, -0.811086, 0.231782, 0.466232, -0.853759, -159.889, -28.2516, 352.85, -0.0309124, 0.672181, -0.136465, -0.245366, 0.39365
3848, 64.1808, 0.906603, 1, 0.438671, 0.363565, -0.82182, 0.22541, 0.476583, -0.849741, -160.979, -28.4007, 353.798, -0.0303261, 0.675005, -0.13968, -0.252159, 0.386205
3849, 64.1975, 0.908244, 1, 0.446307, 0.358299, -0.820019, 0.248278, 0.466348, -0.849045, -161.851, -28.392, 353.925, -0.0252403, 0.681675, -0.144678, -0.243416, 0.377002
3850, 64.2142, 0.908226, 1, 0.469958, 0.344408, -0.812726, 0.241024, 0.459632, -0.854778, -162.885, -28.5301, 354.558, -0.0233414, 0.686724, -0.146918, -0.240781, 0.365672
3851, 64.2308, 0.913111, 1, 0.453286, 0.350593, -0.819522, 0.234034, 0.462951, -0.854929, -163.511, -28.5656, 354.368, -0.0229779, 0.692248, -0.14735, -0.258641, 0.373349
3852, 64.2475, 0.916197, 1, 0.444254, 0.341609, -0.828216, 0.21749, 0.467749, -0.856685, -164.554, -28.7266, 354.973, -0.0213639, 0.695784, -0.15046, -0.276123, 0.374768
3853, 64.2642, 0.919109, 1, 0.452175, 0.339016, -0.824988, 0.235454, 0.45512, -0.858736, -165.243, -28.7319, 354.924, -0.021316, 0.702967, -0.153011, -0.270834, 0.362786
3854, 64.2809, 0.923176, 1, 0.425718, 0.328352, -0.843178, 0.229382, 0.452356, -0.861834, -165.292, -28.5516, 353.612, -0.0348814, 0.707561, -0.151267, -0.296506, 0.347483
3855, 64.2976, 0.923013, 1, 0.404815, 0.331426, -0.852222, 0.233851, 0.433802, -0.870132, -164.723, -28.0575, 351.013, -0.0536337, 0.716351, -0.149852, -0.317529, 0.324885
3856, 64.3143, 0.922478, 1, 0.393014, 0.326452, -0.859633, 0.218854, 0.429781, -0.876009, -164.27, -27.5371, 348.342, -0.0741614, 0.723554, -0.143966, -0.34108, 0.308044
3857, 64.3309, 0.928944, 1, 0.387044, 0.332865, -0.859882, 0.220155, 0.429137, -0.875999, -164.477, -27.3868, 347.622, -0.0867977, 0.719352, -0.143889, -0.337711, 0.299684
3858, 64.3476, 0.928855, 1, 0.390164, 0.333981, -0.858038, 0.21521, 0.433203, -0.875225, -164.882, -27.3969, 347.318, -0.0880529, 0.727407, -0.143723, -0.345649, 0.302379
3859, 64.3643, 0.927939, 1, 0.393084, 0.33778, -0.855213, 0.227129, 0.427031, -0.875247, -165.42, -27.4208, 347.535, -0.0873199, 0.729739, -0.144854, -0.339827, 0.299587
3860, 64.381, 0.929913, 1, 0.40038, 0.33613, -0.852474, 0.232505, 0.428552, -0.873089, -165.517, -27.3394, 347.039, -0.0877172, 0.730258, -0.148351, -0.332604, 0.296435
3861, 64.3977, 0.931634, 1, 0.398138, 0.331359, -0.855387, 0.229942, 0.424685, -0.875654, -165.814, -27.1797, 346.736, -0.0908767, 0.73123, -0.149566, -0.336679, 0.289876
3862, 64.4143, 0.932847, 1, 0.397301, 0.33362, -0.854897, 0.226917, 0.421125, -0.878158, -166.145, -27.1139, 346.723, -0.0899422, 0.732863, -0.152748, -0.339803, 0.289871
3863, 64.431, 0.931805, 1, 0.400872, 0.334545, -0.852866, 0.241414, 0.419931, -0.874858, -166.416, -27.0182, 346.724, -0.088815, 0.735427, -0.15483, -0.33215, 0.287475
3864, 64.4477, 0.933134, 1, 0.410246, 0.326518, -0.851519, 0.228616, 0.423901, -0.87638, -166.622, -27.0119, 346.607, -0.0919472, 0.733869, -0.156941, -0.331552, 0.282351
3865, 64.4644, 0.935043, 1, 0.412148, 0.330576, -0.849031, 0.236964, 0.423571, -0.87432, -166.669, -26.9464, 346.338, -0.092185, 0.733099, -0.158651, -0.324413, 0.281992
3866, 64.4811, 0.935541, 1, 0.412587, 0.329979, -0.84905, 0.241153, 0.420006, -0.874894, -166.966, -26.9809, 346.62, -0.0937078, 0.733061, -0.159138, -0.322309, 0.277195
3867, 64.4978, 0.936613, 1, 0.411978, 0.330305, -0.849219, 0.243132, 0.416371, -0.876083, -167.141, -27.0152, 346.826, -0.0933627, 0.731291, -0.161916, -0.319724, 0.274528
3868, 64.5145, 0.936945, 1, 0.413681, 0.326012, -0.85005, 0.243845, 0.418362, -0.874936, -167.252, -27.0292, 346.766, -0.0936268, 0.734619, -0.163592, -0.321451, 0.272417
3869, 64.5311, 0.937407, 1, 0.427928, 0.320931, -0.844914, 0.255411, 0.417147, -0.872212, -167.375, -27.0179, 346.753, -0.0940092, 0.736118, -0.163582, -0.309765, 0.26518
3870, 64.5478, 0.937166, 1, 0.420819, 0.324845, -0.846987, 0.264935, 0.418075, -0.868921, -167.565, -27.0721, 347.078, -0.0943366, 0.735352, -0.163931, -0.307079, 0.266858
3871, 64.5645, 0.938909, 1, 0.421719, 0.323783, -0.846946, 0.266763, 0.417682, -0.86855, -167.636, -27.0969, 347.152, -0.0932966, 0.735738, -0.16477, -0.306183, 0.266701
3872, 64.5812, 0.937596, 1, 0.426084, 0.323225, -0.844972, 0.270508, 0.42523, -0.863716, -167.693, -27.13, 347.279, -0.0912996, 0.733961, -0.166065, -0.298444, 0.270836
3873, 64.5979, 0.935821, 1, 0.431394, 0.323326, -0.842235, 0.274008, 0.424438, -0.863002, -167.656, -27.1432, 347.107, -0.0892076, 0.736379, -0.165529, -0.296535, 0.27186
3874, 64.6146, 0.931513, 1, 0.45443, 0.30491, -0.836973, 0.273119, 0.424337, -0.863333, -167.732, -27.1858, 347.26, -0.0833275, 0.738459, -0.165668, -0.289206, 0.265532
3875, 64.6312, 0.930861, 1, 0.45599, 0.305275, -0.83599, 0.272536, 0.425375, -0.863007, -167.852, -27.1776, 347.449, -0.0756908, 0.744984, -0.163838, -0.296097, 0.275129
3876, 64.6479, 0.929976, 1, 0.461673, 0.297231, -0.83577, 0.27789, 0.424251, -0.861852, -167.755, -27.1748, 347.286, -0.0729052, 0.746546, -0.163529, -0.293373, 0.271759
3877, 64.6646, 0.923649, 1, 0.462117, 0.300118, -0.834492, 0.282345, 0.424558, -0.860251, -167.802, -27.1027, 347.434, -0.069706, 0.746157, -0.166315, -0.28936, 0.274622
3878, 64.6813, 0.92182, 1, 0.459304, 0.308437, -0.83301, 0.280822, 0.426559, -0.85976, -168.02, -27.0016, 347.805, -0.0668204, 0.745127, -0.170364, -0.287922, 0.281617
3879, 64.698, 0.922785, 1, 0.447956, 0.314824, -0.836792, 0.284357, 0.425321, -0.859211, -168.088, -26.8516, 347.857, -0.0705732, 0.74066, -0.173225, -0.286111, 0.279768
3880, 64.7147, 0.922415, 1, 0.447332, 0.313, -0.83781, 0.281697, 0.426162, -0.85967, -168.222, -26.7539, 348.048, -0.0680442, 0.741358, -0.175367, -0.28823, 0.281225
3881, 64.7313, 0.92241, 1, 0.460642, 0.297432, -0.836268, 0.28928, 0.417904, -0.861205, -168.314, -26.6639, 348.172, -0.0715491, 0.736001, -0.177343, -0.274048, 0.2612
3882, 64.748, 0.92396, 1, 0.432248, 0.31373, -0.84542, 0.291643, 0.419614, -0.859575, -168.293, -26.5441, 348.114, -0.0708154, 0.736637, -0.180916, -0.285799, 0.272845
3883, 64.7647, 0.922775, 1, 0.430272, 0.316233, -0.845495, 0.292135, 0.419649, -0.85939, -168.102, -26.4799, 347.841, -0.0706898, 0.733829, -0.183077, -0.282771, 0.273401
3884, 64.7814, 0.92252, 1, 0.419897, 0.320595, -0.849061, 0.286852, 0.420892, -0.860561, -168.291, -26.3653, 348.282, -0.0669751, 0.732115, -0.186462, -0.287955, 0.280602
3885, 64.7981, 0.920768, 1, 0.424954, 0.316329, -0.848145, 0.284915, 0.423676, -0.859839, -168.25, -26.3055, 348.43, -0.0640389, 0.728154, -0.18922, -0.281558, 0.280925
3886, 64.8148, 0.921058, 1, 0.42445, 0.316526, -0.848324, 0.283605, 0.42623, -0.859009, -168.163, -26.2044, 348.439, -0.0582634, 0.729871, -0.193211, -0.283145, 0.286597
3887, 64.8314, 0.919852, 1, 0.421568, 0.315937, -0.849979, 0.285653, 0.423256, -0.859801, -168.157, -26.0003, 348.29, -0.0607724, 0.732286, -0.190297, -0.28682, 0.283462
3888, 64.8481, 0.919393, 1, 0.422789, 0.316838, -0.849036, 0.284839, 0.42691, -0.858262, -168.036, -25.9205, 348.355, -0.0568398, 0.730922, -0.194659, -0.283382, 0.28749
3889, 64.8648, 0.918431, 1, 0.42801, 0.316434, -0.846567, 0.284551, 0.42597, -0.858825, -168.026, -25.765, 348.477, -0.0536521, 0.72952, -0.197149, -0.27886, 0.288158
3890, 64.8815, 0.919158, 1, 0.426298, 0.318569, -0.846631, 0.283449, 0.424528, -0.859903, -167.967, -25.5949, 348.414, -0.053096, 0.729436, -0.197652, -0.280007, 0.289212
3891, 64.8982, 0.920546, 1, 0.430614, 0.317819, -0.844726, 0.283251, 0.423027, -0.860707, -167.984, -25.5162, 348.664, -0.0486395, 0.729749, -0.200788, -0.277687, 0.290275
3892, 64.9149, 0.921366, 1, 0.419794, 0.319098, -0.849676, 0.274264, 0.417978, -0.866068, -168.045, -25.341, 348.637, -0.0476445, 0.735081, -0.202179, -0.294317, 0.291959
3893, 64.9315, 0.919675, 1, 0.42417, 0.316346, -0.848531, 0.276669, 0.414797, -0.866832, -167.908, -25.2435, 348.611, -0.0449905, 0.73271, -0.204976, -0.288917, 0.28917
3894, 64.9482, 0.921228, 1, 0.4247, 0.317276, -0.847918, 0.268031, 0.417704, -0.868149, -167.97, -25.1895, 348.8, -0.041427, 0.734009, -0.205011, -0.293928, 0.296
3895, 64.9649, 0.92121, 1, 0.423698, 0.316455, -0.848726, 0.275116, 0.412591, -0.868378, -167.89, -25.0959, 348.75, -0.0412525, 0.735008, -0.204848, -0.29297, 0.291989
3896, 64.9816, 0.923919, 1, 0.417854, 0.315826, -0.851852, 0.271572, 0.413495, -0.869063, -167.752, -25.0787, 348.775, -0.0402936, 0.734677, -0.20476, -0.297905, 0.294214
3897, 64.9983, 0.92303, 1, 0.415411, 0.312258, -0.854359, 0.272957, 0.415339, -0.867749, -167.943, -25.1284, 349.337, -0.0398119, 0.734838, -0.203256, -0.298892, 0.293878
3898, 65.0149, 0.923136, 1, 0.416005, 0.3142, -0.853357, 0.282599, 0.411877, -0.866311, -167.625, -25.0165, 348.982, -0.0414405, 0.733061, -0.202129, -0.292151, 0.290055
3899, 65.0316, 0.91976, 1, 0.420582, 0.311896, -0.851957, 0.284382, 0.412082, -0.86563, -167.593, -24.9974, 349.193, -0.0406956, 0.733414, -0.202656, -0.289125, 0.288617
3900, 65.0483, 0.919351, 1, 0.412822, 0.312751, -0.855433, 0.275026, 0.417405, -0.866103, -167.345, -24.9817, 348.965, -0.0409612, 0.731334, -0.202963, -0.295339, 0.293924
3901, 65.065, 0.920018, 1, 0.410266, 0.310555, -0.85746, 0.27403, 0.414808, -0.867665, -167.369, -24.9436, 349.29, -0.0400068, 0.731127, -0.202616, -0.297992, 0.293074
3902, 65.0817, 0.918349, 1, 0.40823, 0.306093, -0.860032, 0.277181, 0.417228, -0.865501, -167.202, -24.8945, 349.249, -0.0400339, 0.730574, -0.201224, -0.297457, 0.291923
3903, 65.0984, 0.916232, 1, 0.412877, 0.302443, -0.859105, 0.276106, 0.416776, -0.866062, -167.113, -24.8611, 349.273, -0.039662, 0.730296, -0.201427, -0.295759, 0.289562
3904, 65.1151, 0.915895, 1, 0.411074, 0.301883, -0.860165, 0.278513, 0.41674, -0.865308, -167.15, -24.7727, 349.518, -0.0383263, 0.731131, -0.200827, -0.296392, 0.29021
3905, 65.1317, 0.916147, 1, 0.411318, 0.304381, -0.859168, 0.278107, 0.417479, -0.865083, -167.102, -24.7808, 349.698, -0.0374249, 0.729033, -0.201196, -0.293848, 0.292611
3906, 65.1484, 0.917281, 1, 0.412608, 0.30033, -0.859974, 0.272477, 0.415318, -0.86791, -166.981, -24.7674, 349.528, -0.0392908, 0.728787, -0.200452, -0.297131, 0.288525
3907, 65.1651, 0.918463, 1, 0.390997, 0.303716, -0.868837, 0.25837, 0.439976, -0.860039, -166.832, -24.7132, 349.618, -0.0393187, 0.726193, -0.199389, -0.309283, 0.308417
3908, 65.1818, 0.91833, 1, 0.38921, 0.304888, -0.869229, 0.248844, 0.43919, -0.863243, -166.759, -24.7263, 349.731, -0.0404691, 0.723723, -0.199789, -0.312642, 0.309141
3909, 65.1985, 0.918123, 1, 0.390039, 0.304262, -0.869077, 0.246575, 0.43964, -0.863665, -166.609, -24.7414, 349.664, -0.0405999, 0.721684, -0.200107, -0.311353, 0.308957
3910, 65.2152, 0.920562, 1, 0.389249, 0.305164, -0.869115, 0.24749, 0.441456, -0.862476, -166.589, -24.7454, 349.838, -0.0410302, 0.721044, -0.199419, -0.310313, 0.310193
3911, 65.2318, 0.919405, 1, 0.391799, 0.307171, -0.86726, 0.252201, 0.439762, -0.861977, -166.506, -24.7664, 349.936, -0.0400382, 0.720822, -0.19953, -0.306296, 0.310067
3912, 65.2485, 0.916799, 1, 0.397546, 0.303066, -0.866088, 0.252101, 0.437101, -0.863358, -166.558, -24.7755, 350.155, -0.0401823, 0.718933, -0.199569, -0.302203, 0.305361
3913, 65.2652, 0.917205, 1, 0.397577, 0.298754, -0.86757, 0.251747, 0.438928, -0.862534, -166.353, -24.746, 349.975, -0.0390745, 0.717664, -0.201132, -0.301412, 0.304721
3914, 65.2819, 0.914481, 1, 0.400868, 0.302266, -0.864835, 0.250207, 0.439588, -0.862646, -166.19, -24.7591, 349.949, -0.0363282, 0.716452, -0.203783, -0.298277, 0.308543
3915, 65.2986, 0.916725, 1, 0.400176, 0.303101, -0.864863, 0.249548, 0.438395, -0.863444, -165.962, -24.6948, 349.557, -0.0373662, 0.71549, -0.204875, -0.297998, 0.307363
3916, 65.3153, 0.917812, 1, 0.401892, 0.305782, -0.863122, 0.246736, 0.438947, -0.863972, -165.798, -24.7168, 349.604, -0.0371169, 0.712904, -0.206237, -0.295203, 0.308976
3917, 65.3319, 0.917504, 1, 0.402092, 0.302387, -0.864225, 0.25823, 0.438818, -0.860672, -165.552, -24.727, 349.491, -0.0364026, 0.710899, -0.207676, -0.287375, 0.305293
3918, 65.3486, 0.916015, 1, 0.401733, 0.303003, -0.864175, 0.254964, 0.437689, -0.862219, -165.544, -24.6588, 349.364, -0.0343202, 0.71237, -0.206499, -0.291252, 0.308073
3919, 65.3653, 0.914566, 1, 0.40194, 0.30216, -0.864375, 0.262904, 0.436721, -0.860323, -165.49, -24.6214, 349.27, -0.033898, 0.713581, -0.206282, -0.288438, 0.306324
3920, 65.382, 0.907823, 1, 0.40543, 0.30428, -0.861998, 0.26167, 0.43675, -0.860685, -165.279, -24.5668, 348.92, -0.032393, 0.713557, -0.207668, -0.286537, 0.308333
3921, 65.3987, 0.906968, 1, 0.399141, 0.307584, -0.863759, 0.268806, 0.433473, -0.860142, -165.26, -24.5775, 349.049, -0.0309897, 0.710463, -0.209524, -0.282845, 0.308373
3922, 65.4154, 0.90664, 1, 0.405272, 0.312439, -0.859149, 0.266025, 0.436579, -0.859436, -165.383, -24.6213, 349.279, -0.031342, 0.709133, -0.207795, -0.278063, 0.311955
3923, 65.432, 0.908165, 1, 0.405789, 0.315187, -0.8579, 0.259142, 0.440607, -0.859483, -165.399, -24.649, 349.313, -0.0306769, 0.706945, -0.20676, -0.278142, 0.31735
3924, 65.4487, 0.90892, 1, 0.406658, 0.315116, -0.857515, 0.259948, 0.440863, -0.859108, -165.312, -24.64, 349.15, -0.0296371, 0.707185, -0.206875, -0.277448, 0.318257
3925, 65.4654, 0.908394, 1, 0.410192, 0.317801, -0.854836, 0.2543, 0.442397, -0.86001, -165.43, -24.6966, 349.374, -0.0286452, 0.705974, -0.20681, -0.27634, 0.321681
3926, 65.4821, 0.906372, 1, 0.414577, 0.320128, -0.851847, 0.248276, 0.446995, -0.859392, -165.678, -24.8216, 349.838, -0.0258553, 0.703044, -0.206518, -0.272579, 0.327964
3927, 65.4988, 0.906409, 1, 0.413433, 0.327889, -0.849448, 0.248224, 0.449552, -0.858072, -165.682, -24.916, 349.937, -0.0230011, 0.703338, -0.207837, -0.271637, 0.335392
3928, 65.5155, 0.90737, 1, 0.414075, 0.323354, -0.850872, 0.238499, 0.452277, -0.859397, -165.8, -24.9989, 350.126, -0.0238628, 0.702177, -0.207167, -0.275479, 0.335191
3929, 65.5321, 0.908412, 1, 0.412046, 0.320398, -0.852973, 0.23942, 0.452836, -0.858847, -165.826, -25.0244, 350.206, -0.0247926, 0.700205, -0.206982, -0.274234, 0.333262
3930, 65.5488, 0.909608, 1, 0.411243, 0.32132, -0.853014, 0.237567, 0.455036, -0.858198, -165.637, -25.044, 349.966, -0.0248681, 0.698405, -0.208079, -0.273033, 0.334795
3931, 65.5655, 0.911929, 1, 0.412951, 0.319612, -0.85283, 0.239511, 0.453997, -0.858209, -165.374, -25.0119, 349.58, -0.0249193, 0.694808, -0.210706, -0.267287, 0.331757
3932, 65.5822, 0.909272, 1, 0.416471, 0.322894, -0.849877, 0.233461, 0.454786, -0.859456, -165.311, -25.0956, 349.682, -0.0227026, 0.692946, -0.212006, -0.265529, 0.33605
3933, 65.5989, 0.908206, 1, 0.415623, 0.321554, -0.8508, 0.24916, 0.452971, -0.856001, -165.103, -25.0219, 349.294, -0.0205112, 0.695475, -0.213182, -0.260866, 0.333742
3934, 65.6155, 0.905068, 1, 0.409483, 0.319672, -0.854478, 0.247358, 0.450959, -0.857584, -164.953, -24.9764, 349.025, -0.0209777, 0.695486, -0.212757, -0.265921, 0.332713
3935, 65.6322, 0.90942, 1, 0.412988, 0.320619, -0.852434, 0.247575, 0.453318, -0.856276, -164.846, -25.001, 348.935, -0.0184623, 0.694727, -0.213159, -0.262095, 0.336321
3936, 65.6489, 0.912526, 1, 0.409888, 0.319556, -0.854328, 0.245402, 0.454353, -0.856354, -164.572, -25.0337, 348.582, -0.0152409, 0.694161, -0.215591, -0.264327, 0.339649
3937, 65.6656, 0.912084, 1, 0.410152, 0.323483, -0.852721, 0.237116, 0.457516, -0.857004, -164.192, -24.8766, 347.679, -0.0162051, 0.697437, -0.21426, -0.270787, 0.344689
3938, 65.6823, 0.912489, 1, 0.410629, 0.330033, -0.849978, 0.236254, 0.457583, -0.857206, -163.888, -24.7985, 346.931, -0.019961, 0.699395, -0.210143, -0.272347, 0.346294
3939, 65.699, 0.910633, 1, 0.405555, 0.326795, -0.853657, 0.233337, 0.457775, -0.857902, -163.954, -24.9362, 347.044, -0.0257273, 0.70159, -0.205297, -0.279712, 0.341766
3940, 65.7157, 0.909954, 1, 0.407937, 0.327823, -0.852127, 0.231163, 0.455362, -0.859772, -163.944, -25.0833, 347.169, -0.0238627, 0.697, -0.204561, -0.27528, 0.342867
3941, 65.7323, 0.909377, 1, 0.41253, 0.329234, -0.849367, 0.235343, 0.4586, -0.856913, -164.145, -25.2484, 347.523, -0.020688, 0.696167, -0.202367, -0.268982, 0.347773
3942, 65.749, 0.913229, 1, 0.409274, 0.338657, -0.847234, 0.230951, 0.461051, -0.856792, -163.716, -25.2279, 346.624, -0.0267228, 0.697084, -0.197577, -0.27292, 0.351199
3943, 65.7657, 0.913371, 1, 0.410394, 0.343259, -0.844837, 0.229375, 0.45881, -0.858418, -163.01, -25.1423, 345.142, -0.0323065, 0.701032, -0.194008, -0.277744, 0.348877
3944, 65.7824, 0.913224, 1, 0.427859, 0.342028, -0.836632, 0.220654, 0.461102, -0.859475, -162.458, -25.0669, 343.906, -0.0372437, 0.70439, -0.189667, -0.276669, 0.345514
3945, 65.7991, 0.913998, 1, 0.448816, 0.351347, -0.821656, 0.231449, 0.460387, -0.857015, -162.137, -25.0683, 343.255, -0.0396974, 0.708432, -0.185263, -0.262542, 0.345292
3946, 65.8158, 0.910682, 1, 0.447097, 0.353927, -0.821486, 0.237828, 0.45526, -0.858007, -162.235, -25.3225, 343.719, -0.0432014, 0.698939, -0.180924, -0.252325, 0.341298
3947, 65.8324, 0.90648, 1, 0.448595, 0.362605, -0.816872, 0.254284, 0.450406, -0.855847, -162.64, -25.6396, 344.854, -0.0378794, 0.691714, -0.18118, -0.235663, 0.345524
3948, 65.8491, 0.902621, 1, 0.450892, 0.367518, -0.813405, 0.262707, 0.445763, -0.855734, -162.829, -25.9655, 345.442, -0.0427297, 0.68471, -0.180002, -0.223245, 0.340087
3949, 65.8658, 0.902088, 1, 0.432091, 0.391623, -0.81236, 0.273145, 0.446502, -0.852072, -163.465, -26.5188, 347.08, -0.0297804, 0.689139, -0.180605, -0.23064, 0.366097
3950, 65.8825, 0.898368, 1, 0.428825, 0.380542, -0.819327, 0.269374, 0.447703, -0.852643, -163.813, -26.9115, 347.947, -0.0348361, 0.685634, -0.176253, -0.234565, 0.357906
3951, 65.8992, 0.89331, 1, 0.428549, 0.373931, -0.822509, 0.271905, 0.448727, -0.8513, -163.924, -27.1321, 348.165, -0.0370676, 0.688861, -0.17423, -0.238947, 0.353502
3952, 65.9159, 0.893232, 1, 0.424405, 0.364943, -0.828672, 0.278719, 0.442598, -0.852304, -164.05, -27.3115, 348.44, -0.0396033, 0.693553, -0.172008, -0.246251, 0.343701
3953, 65.9325, 0.889027, 1, 0.429331, 0.36559, -0.825844, 0.275332, 0.444832, -0.852242, -164.067, -27.4799, 348.713, -0.0418174, 0.691787, -0.171226, -0.24293, 0.343451
3954, 65.9492, 0.887618, 1, 0.424075, 0.367832, -0.827563, 0.27764, 0.440649, -0.853665, -164.228, -27.6237, 349.227, -0.0437327, 0.68988, -0.169641, -0.243513, 0.341314
3955, 65.9659, 0.88656, 1, 0.422118, 0.368698, -0.828178, 0.2734, 0.441967, -0.854352, -164.347, -27.7478, 349.638, -0.044785, 0.6894, -0.168076, -0.246275, 0.342824
3956, 65.9826, 0.887138, 1, 0.429242, 0.368558, -0.824571, 0.267668, 0.447239, -0.853424, -164.161, -27.8378, 349.569, -0.0473007, 0.687198, -0.168344, -0.241742, 0.342959
3957, 65.9993, 0.888132, 1, 0.430714, 0.366083, -0.824905, 0.270037, 0.445117, -0.853786, -164.146, -27.9229, 349.733, -0.0486257, 0.685945, -0.168328, -0.239099, 0.338768
3958, 66.016, 0.888028, 1, 0.420618, 0.366517, -0.829907, 0.269074, 0.444935, -0.854185, -164.17, -27.9745, 349.888, -0.0468073, 0.688869, -0.168481, -0.248571, 0.342194
3959, 66.0326, 0.883563, 1, 0.42096, 0.366063, -0.829934, 0.27064, 0.446976, -0.852623, -164.05, -28.0227, 349.704, -0.0476384, 0.688018, -0.168059, -0.246371, 0.342177
3960, 66.0493, 0.886746, 1, 0.422835, 0.368102, -0.828077, 0.272199, 0.447043, -0.852092, -163.914, -27.9904, 349.579, -0.0465491, 0.686785, -0.168776, -0.24245, 0.343468
3961, 66.066, 0.886948, 1, 0.412503, 0.369679, -0.832574, 0.269187, 0.446981, -0.85308, -163.703, -27.9065, 349.164, -0.0435197, 0.690011, -0.168484, -0.253435, 0.349307
3962, 66.0827, 0.887154, 1, 0.411459, 0.372547, -0.831811, 0.265103, 0.44574, -0.855007, -163.254, -27.7668, 348.505, -0.0411514, 0.687712, -0.171597, -0.252863, 0.352279
3963, 66.0994, 0.890424, 1, 0.410477, 0.372906, -0.832136, 0.264106, 0.445877, -0.855244, -162.841, -27.5518, 347.766, -0.0395486, 0.686879, -0.173548, -0.252228, 0.353865
3964, 66.1161, 0.889932, 1, 0.417865, 0.377226, -0.826493, 0.264605, 0.448943, -0.853484, -162.56, -27.3812, 347.007, -0.0414501, 0.690062, -0.173149, -0.249515, 0.355359
3965, 66.1327, 0.8936, 1, 0.418434, 0.375961, -0.82678, 0.266877, 0.447864, -0.853343, -162.542, -27.3494, 346.985, -0.0416753, 0.690171, -0.173003, -0.248568, 0.353306
3966, 66.1494, 0.895037, 1, 0.420984, 0.380641, -0.823338, 0.26607, 0.447988, -0.85353, -162.461, -27.3195, 346.834, -0.0392993, 0.691379, -0.17375, -0.247915, 0.357718
3967, 66.1661, 0.895771, 1, 0.425506, 0.383204, -0.819816, 0.266334, 0.448188, -0.853343, -162.444, -27.2829, 346.786, -0.0395566, 0.691205, -0.173993, -0.244412, 0.358157
3968, 66.1828, 0.89646, 1, 0.42354, 0.377968, -0.823258, 0.260262, 0.449528, -0.85451, -162.683, -27.2774, 347.024, -0.0403508, 0.692235, -0.174018, -0.250554, 0.356443
3969, 66.1995, 0.894222, 1, 0.421226, 0.37402, -0.826243, 0.268298, 0.448205, -0.852718, -162.792, -27.273, 347.131, -0.040832, 0.691663, -0.173974, -0.247989, 0.352238
3970, 66.2161, 0.894108, 1, 0.426836, 0.375589, -0.822644, 0.271406, 0.445931, -0.852927, -162.975, -27.2654, 347.386, -0.0391963, 0.692011, -0.174816, -0.243419, 0.351912
3971, 66.2328, 0.894105, 1, 0.423628, 0.366342, -0.828452, 0.274815, 0.44536, -0.852133, -163.149, -27.2185, 347.516, -0.041169, 0.690378, -0.174682, -0.243463, 0.344604
3972, 66.2495, 0.895564, 1, 0.42822, 0.370821, -0.824087, 0.267545, 0.447375, -0.85339, -163.263, -27.2228, 347.761, -0.0372564, 0.695409, -0.176095, -0.248542, 0.351873
3973, 66.2662, 0.895229, 1, 0.428624, 0.359233, -0.828995, 0.25968, 0.447856, -0.855565, -163.375, -27.1444, 347.757, -0.0398166, 0.692761, -0.175927, -0.25171, 0.3448
3974, 66.2829, 0.891805, 1, 0.428727, 0.358845, -0.82911, 0.256175, 0.452476, -0.85419, -163.513, -27.0998, 347.884, -0.0397549, 0.692721, -0.177186, -0.252228, 0.3471
3975, 66.2996, 0.890515, 1, 0.425548, 0.363351, -0.828785, 0.257442, 0.452931, -0.853567, -163.547, -27.0458, 347.781, -0.0388447, 0.695843, -0.177743, -0.255752, 0.350656
3976, 66.3163, 0.888738, 1, 0.435384, 0.349172, -0.829771, 0.2586, 0.439547, -0.860189, -163.8, -27.0163, 348.138, -0.0431137, 0.692671, -0.178813, -0.250187, 0.329739
3977, 66.3329, 0.888872, 1, 0.449579, 0.35297, -0.820543, 0.253055, 0.443137, -0.859996, -164.022, -26.9648, 348.289, -0.0436237, 0.691652, -0.179984, -0.241622, 0.331455
3978, 66.3496, 0.88724, 1, 0.45001, 0.343941, -0.824133, 0.275514, 0.434123, -0.857688, -164.238, -26.9254, 348.419, -0.0448104, 0.691545, -0.181306, -0.232021, 0.316882
3979, 66.3663, 0.887616, 1, 0.452444, 0.343909, -0.822813, 0.275669, 0.429796, -0.859815, -164.462, -26.8858, 348.521, -0.0449018, 0.692665, -0.181856, -0.232368, 0.313894
3980, 66.383, 0.884077, 1, 0.445116, 0.346737, -0.825618, 0.26492, 0.427905, -0.864127, -164.547, -26.8617, 348.439, -0.0441428, 0.690678, -0.184641, -0.239831, 0.316429
3981, 66.3997, 0.888483, 1, 0.443152, 0.342679, -0.828364, 0.263214, 0.430118, -0.863549, -164.61, -26.8346, 348.393, -0.044701, 0.689457, -0.18463, -0.240995, 0.315487
3982, 66.4164, 0.887941, 1, 0.44318, 0.349041, -0.825688, 0.268786, 0.427393, -0.863185, -164.755, -26.8212, 348.57, -0.0418962, 0.689121, -0.186634, -0.236537, 0.318345
3983, 66.433, 0.886295, 1, 0.445668, 0.34143, -0.82753, 0.267026, 0.425489, -0.864671, -165.003, -26.7879, 348.507, -0.0422451, 0.690416, -0.187181, -0.238799, 0.312815
3984, 66.4497, 0.884575, 1, 0.449317, 0.335958, -0.827796, 0.265657, 0.426184, -0.864751, -165.155, -26.798, 348.68, -0.0398932, 0.690777, -0.1891, -0.238314, 0.311648
3985, 66.4664, 0.883417, 1, 0.450889, 0.337944, -0.826132, 0.268309, 0.426143, -0.863952, -165.242, -26.7181, 348.381, -0.0373918, 0.693643, -0.190799, -0.238373, 0.314194
3986, 66.4831, 0.879972, 1, 0.454181, 0.337402, -0.824548, 0.263547, 0.424895, -0.86603, -165.436, -26.7166, 348.541, -0.0358227, 0.69312, -0.190647, -0.238861, 0.315009
3987, 66.4998, 0.878941, 1, 0.456884, 0.334097, -0.824401, 0.263712, 0.429705, -0.863603, -165.744, -26.6977, 348.842, -0.0363396, 0.692445, -0.190912, -0.235695, 0.314775
3988, 66.5165, 0.878941, 1, 0.451413, 0.337364, -0.826082, 0.266427, 0.429944, -0.86265, -165.711, -26.6052, 348.435, -0.0388086, 0.691926, -0.189839, -0.236356, 0.314851
3989, 66.5331, 0.876271, 1, 0.451497, 0.331496, -0.828409, 0.267999, 0.427486, -0.863384, -166.056, -26.5884, 348.717, -0.038988, 0.691834, -0.190243, -0.236516, 0.30976
3990, 66.5498, 0.874063, 1, 0.452228, 0.321233, -0.832045, 0.265335, 0.431928, -0.861995, -166.14, -26.4997, 348.488, -0.0403675, 0.691428, -0.190095, -0.237806, 0.305753
3991, 66.5665, 0.871975, 1, 0.448, 0.322992, -0.83365, 0.272144, 0.430122, -0.860774, -166.429, -26.5025, 348.59, -0.0392878, 0.691507, -0.191205, -0.236593, 0.305738
3992, 66.5832, 0.872886, 1, 0.452897, 0.325007, -0.830214, 0.267279, 0.436211, -0.859234, -166.555, -26.437, 348.377, -0.0388315, 0.69085, -0.191853, -0.233889, 0.310286
3993, 66.5999, 0.875032, 1, 0.453124, 0.321847, -0.83132, 0.261178, 0.434548, -0.861948, -166.803, -26.4582, 348.511, -0.0371851, 0.693085, -0.193475, -0.239962, 0.309855
3994, 66.6166, 0.875315, 1, 0.447174, 0.327198, -0.832452, 0.259861, 0.436994, -0.861109, -166.786, -26.3608, 348.173, -0.0379963, 0.690585, -0.193462, -0.24009, 0.313908
3995, 66.6332, 0.875847, 1, 0.447971, 0.330784, -0.830605, 0.254655, 0.437915, -0.862195, -167.002, -26.3474, 348.149, -0.0383741, 0.691233, -0.194021, -0.241908, 0.316384
3996, 66.6499, 0.875384, 1, 0.445441, 0.326316, -0.833727, 0.257461, 0.433921, -0.863381, -167.127, -26.2978, 348.048, -0.0389732, 0.693762, -0.194567, -0.246124, 0.311221
3997, 66.6666, 0.877734, 1, 0.447833, 0.329267, -0.831281, 0.257754, 0.434209, -0.863148, -167.144, -26.2607, 347.69, -0.0378681, 0.695829, -0.195407, -0.246272, 0.313603
3998, 66.6833, 0.877433, 1, 0.448502, 0.325891, -0.832251, 0.263099, 0.434015, -0.861632, -167.407, -26.2594, 347.813, -0.0381034, 0.694401, -0.195821, -0.241945, 0.310386
3999, 66.7, 0.87443, 1, 0.450506, 0.329032, -0.829929, 0.262582, 0.436174, -0.860699, -167.547, -26.2853, 347.824, -0.038078, 0.695176, -0.196307, -0.240659, 0.312996
4000, 66.7167, 0.877217, 1, 0.449636, 0.326955, -0.831221, 0.254538, 0.439465, -0.861441, -167.774, -26.2371, 347.798, -0.0412406, 0.695157, -0.195494, -0.245083, 0.311998
4001, 66.7333, 0.876349, 1, 0.44511, 0.325093, -0.834381, 0.251218, 0.435008, -0.864672, -167.88, -26.1963, 347.534, -0.043907, 0.69416, -0.195138, -0.249575, 0.307302
4002, 66.75, 0.876537, 1, 0.445444, 0.326621, -0.833606, 0.252953, 0.434295, -0.864525, -168.061, -26.2168, 347.666, -0.0432258, 0.695412, -0.195714, -0.249408, 0.307847
4003, 66.7667, 0.877489, 1, 0.445112, 0.328219, -0.833155, 0.265472, 0.430265, -0.862784, -168.118, -26.1785, 347.452, -0.0437791, 0.697067, -0.195089, -0.245295, 0.304325
4004, 66.7834, 0.877072, 1, 0.446393, 0.325683, -0.833465, 0.258714, 0.431689, -0.864125, -168.383, -26.1466, 347.547, -0.042627, 0.696758, -0.196309, -0.247668, 0.305135
4005, 66.8001, 0.876573, 1, 0.444915, 0.324456, -0.834733, 0.269304, 0.429687, -0.861884, -168.491, -26.0985, 347.368, -0.0422066, 0.699774, -0.195992, -0.246602, 0.302468
4006, 66.8167, 0.874987, 1, 0.446354, 0.32259, -0.834688, 0.256481, 0.434977, -0.863141, -168.636, -26.0907, 347.397, -0.0407054, 0.700097, -0.197209, -0.251869, 0.307103
4007, 66.8334, 0.8766, 1, 0.447862, 0.325362, -0.832802, 0.253936, 0.436242, -0.863255, -168.609, -25.9955, 346.957, -0.0395025, 0.702607, -0.198931, -0.253824, 0.31014
4008, 66.8501, 0.877482, 1, 0.448241, 0.329393, -0.831012, 0.255035, 0.436633, -0.862733, -168.68, -25.9727, 346.79, -0.0387719, 0.703293, -0.200083, -0.252801, 0.312366
4009, 66.8668, 0.874632, 1, 0.449163, 0.329631, -0.830419, 0.257325, 0.436225, -0.86226, -168.808, -25.9195, 346.796, -0.0370597, 0.702154, -0.202356, -0.249246, 0.312122
4010, 66.8835, 0.879723, 1, 0.455263, 0.328704, -0.82746, 0.25752, 0.433156, -0.863748, -168.855, -25.828, 346.558, -0.0374342, 0.700622, -0.202363, -0.244719, 0.308386
4011, 66.9002, 0.878036, 1, 0.459441, 0.326122, -0.826171, 0.25553, 0.431499, -0.865166, -169.003, -25.7644, 346.501, -0.0380049, 0.700951, -0.202901, -0.244039, 0.30525
4012, 66.9169, 0.883321, 1, 0.460587, 0.324386, -0.826216, 0.266835, 0.431391, -0.861801, -169.245, -25.6459, 346.669, -0.0362909, 0.703408, -0.204228, -0.239428, 0.303591
4013, 66.9335, 0.886221, 1, 0.457319, 0.325497, -0.827593, 0.266378, 0.429068, -0.863101, -169.748, -25.6878, 347.617, -0.037212, 0.697164, -0.205858, -0.234321, 0.301744
4014, 66.9502, 0.888337, 1, 0.46528, 0.326838, -0.822613, 0.254632, 0.43387, -0.864245, -169.818, -25.5565, 347.509, -0.0345959, 0.697582, -0.207286, -0.234552, 0.308052
4015, 66.9669, 0.886453, 1, 0.469084, 0.324484, -0.821383, 0.259756, 0.433638, -0.862835, -169.983, -25.4262, 347.561, -0.0336232, 0.697955, -0.207882, -0.229964, 0.306173
4016, 66.9836, 0.889696, 1, 0.467384, 0.32217, -0.823261, 0.257246, 0.432708, -0.864053, -170.232, -25.348, 347.709, -0.0348504, 0.699758, -0.206757, -0.234469, 0.304412
4017, 67.0003, 0.889474, 1, 0.469283, 0.32202, -0.822239, 0.255434, 0.432741, -0.864574, -170.437, -25.2438, 347.807, -0.0343588, 0.701189, -0.206038, -0.23553, 0.304957
4018, 67.017, 0.887818, 1, 0.464882, 0.328211, -0.822291, 0.265333, 0.432239, -0.86184, -170.526, -25.2045, 347.757, -0.03281, 0.700038, -0.207376, -0.230222, 0.307806
4019, 67.0336, 0.88652, 1, 0.461489, 0.329459, -0.823702, 0.254946, 0.43147, -0.865353, -170.608, -25.1397, 347.65, -0.032432, 0.700584, -0.206986, -0.238291, 0.310511
4020, 67.0503, 0.888994, 1, 0.467339, 0.331257, -0.819672, 0.263765, 0.431243, -0.86282, -170.551, -25.0858, 347.389, -0.0318271, 0.70146, -0.207128, -0.230712, 0.309646
4021, 67.067, 0.889216, 1, 0.460667, 0.338712, -0.820403, 0.262891, 0.427159, -0.865115, -170.537, -24.9843, 347.074, -0.0293292, 0.701481, -0.209103, -0.234061, 0.314166
4022, 67.0837, 0.891046, 1, 0.466159, 0.340736, -0.816452, 0.262391, 0.429168, -0.864272, -170.673, -24.986, 347.207, -0.0264788, 0.700992, -0.210563, -0.22936, 0.317791
4023, 67.1004, 0.890403, 1, 0.462348, 0.345865, -0.816463, 0.266914, 0.428454, -0.86324, -170.716, -24.9562, 347.184, -0.026147, 0.700722, -0.21101, -0.227759, 0.31996
4024, 67.1171, 0.890202, 1, 0.460563, 0.342733, -0.818789, 0.264787, 0.430226, -0.863014, -170.655, -24.9337, 346.811, -0.0289309, 0.702163, -0.209588, -0.231834, 0.317399
4025, 67.1337, 0.889219, 1, 0.463867, 0.338877, -0.818529, 0.272999, 0.428003, -0.86156, -170.71, -24.9212, 346.935, -0.0270534, 0.700668, -0.210725, -0.22504, 0.313962
4026, 67.1504, 0.885658, 1, 0.461961, 0.343963, -0.817485, 0.265481, 0.429974, -0.862927, -170.714, -24.848, 346.832, -0.0284374, 0.700402, -0.210421, -0.228166, 0.317651
4027, 67.1671, 0.881088, 1, 0.467155, 0.336442, -0.817663, 0.267418, 0.4301, -0.862266, -170.695, -24.8027, 346.717, -0.0294854, 0.70045, -0.209955, -0.225591, 0.312149
4028, 67.1838, 0.881529, 1, 0.456967, 0.351618, -0.817035, 0.263589, 0.431723, -0.862634, -170.619, -24.6297, 346.29, -0.0290707, 0.700566, -0.210542, -0.230211, 0.322908
4029, 67.2005, 0.883662, 1, 0.456974, 0.35644, -0.814939, 0.271684, 0.437887, -0.856996, -170.399, -24.5916, 345.864, -0.0280461, 0.700832, -0.211287, -0.223974, 0.328057
4030, 67.2172, 0.887491, 1, 0.458462, 0.34288, -0.819906, 0.248663, 0.453534, -0.855847, -169.258, -24.1254, 343.167, -0.0470317, 0.709254, -0.207449, -0.242442, 0.315274
4031, 67.2338, 0.885919, 1, 0.462993, 0.337372, -0.819645, 0.256393, 0.448522, -0.856207, -168.848, -23.8844, 342.271, -0.0456026, 0.710228, -0.206743, -0.239364, 0.310144
4032, 67.2505, 0.893436, 1, 0.45712, 0.344629, -0.819922, 0.246129, 0.452387, -0.857185, -168.54, -23.8101, 341.562, -0.0538798, 0.712105, -0.204956, -0.247767, 0.310826
4033, 67.2672, 0.894641, 1, 0.461531, 0.343854, -0.817774, 0.239285, 0.452378, -0.859125, -168.512, -23.699, 341.505, -0.0556657, 0.712634, -0.204268, -0.249208, 0.309462
4034, 67.2839, 0.897021, 1, 0.463386, 0.344014, -0.816656, 0.243638, 0.455273, -0.856369, -168.175, -23.5845, 340.909, -0.060403, 0.71362, -0.202014, -0.246331, 0.306052
4035, 67.3006, 0.896707, 1, 0.462601, 0.344844, -0.816752, 0.23868, 0.457602, -0.856524, -168.095, -23.5254, 340.836, -0.0619823, 0.713603, -0.200962, -0.248723, 0.307538
4036, 67.3173, 0.895948, 1, 0.461779, 0.34503, -0.817138, 0.238608, 0.451076, -0.859998, -168.118, -23.4933, 341.089, -0.0601971, 0.712506, -0.20104, -0.249334, 0.305923
4037, 67.3339, 0.896433, 1, 0.458665, 0.346899, -0.818099, 0.240997, 0.450835, -0.859458, -168.228, -23.4888, 341.38, -0.0598307, 0.711752, -0.199699, -0.249046, 0.307479
4038, 67.3506, 0.896782, 1, 0.465465, 0.344229, -0.815383, 0.244237, 0.450759, -0.858583, -168.297, -23.5259, 341.736, -0.0598252, 0.708635, -0.19962, -0.240569, 0.304493
4039, 67.3673, 0.894846, 1, 0.462034, 0.351992, -0.814019, 0.248704, 0.452632, -0.856312, -168.375, -23.5592, 342.198, -0.0546075, 0.705945, -0.20198, -0.235424, 0.313325
4040, 67.384, 0.884064, 1, 0.463403, 0.359819, -0.809807, 0.245694, 0.446746, -0.860263, -168.607, -23.6249, 342.977, -0.0465287, 0.702506, -0.204885, -0.232154, 0.321261
4041, 67.4007, 0.8848, 1, 0.466911, 0.358798, -0.808244, 0.252298, 0.448809, -0.857273, -168.696, -23.6506, 343.274, -0.0419324, 0.703811, -0.2065, -0.227589, 0.324313
4042, 67.4173, 0.882226, 1, 0.467857, 0.357859, -0.808113, 0.250282, 0.445258, -0.859712, -168.714, -23.6736, 343.364, -0.0413025, 0.70601, -0.205816, -0.23166, 0.322917
4043, 67.434, 0.884589, 1, 0.468765, 0.360355, -0.806476, 0.252483, 0.446013, -0.858676, -168.864, -23.6896, 343.938, -0.0376663, 0.702518, -0.207384, -0.225306, 0.327096
4044, 67.4507, 0.886246, 1, 0.467265, 0.361395, -0.806881, 0.249133, 0.447778, -0.858736, -168.858, -23.6519, 343.933, -0.0405588, 0.70149, -0.206052, -0.226122, 0.326858
4045, 67.4674, 0.885245, 1, 0.46737, 0.362524, -0.806314, 0.252257, 0.446297, -0.858595, -168.87, -23.6446, 344.117, -0.0385149, 0.700341, -0.206599, -0.223173, 0.327814
4046, 67.4841, 0.882436, 1, 0.466729, 0.361121, -0.807314, 0.250147, 0.448024, -0.858313, -168.675, -23.6123, 343.816, -0.038124, 0.702553, -0.206784, -0.226766, 0.328544
4047, 67.5008, 0.881321, 1, 0.469129, 0.359918, -0.806459, 0.249225, 0.448428, -0.85837, -168.504, -23.6014, 343.562, -0.0380559, 0.702369, -0.207034, -0.225856, 0.327881
4048, 67.5175, 0.884651, 1, 0.468796, 0.363637, -0.804984, 0.252805, 0.445381, -0.85891, -168.467, -23.5442, 343.565, -0.035665, 0.703691, -0.207236, -0.225714, 0.330144
4049, 67.5341, 0.881445, 1, 0.478968, 0.351607, -0.804339, 0.244711, 0.451466, -0.858076, -168.229, -23.5676, 343.501, -0.0376221, 0.70374, -0.20641, -0.224824, 0.325468
