704, 23.4568, 0.981019, 1, 0.169138, 0.120102, -0.978247, -0.149902, 0.225136, -0.962727, -2.73105, 30.0375, 304.596, 0.16602, -0.0677028, -0.059653, 0.0809159, 0.382855
705, 23.4901, 0.98217, 1, 0.178627, 0.124753, -0.975976, -0.148923, 0.230228, -0.961674, -2.79094, 30.1193, 304.244, 0.16587, -0.0693693, -0.0582941, 0.0892379, 0.388431
706, 23.5235, 0.982985, 1, 0.181911, 0.132939, -0.974287, -0.162997, 0.240448, -0.956879, -2.85683, 30.3899, 304.041, 0.17119, -0.0706535, -0.0570103, 0.0853046, 0.404727
707, 23.5569, 0.982982, 1, 0.187705, 0.150794, -0.970581, -0.173449, 0.27686, -0.945127, -2.98023, 30.7348, 304.238, 0.173426, -0.069569, -0.0570936, 0.0831519, 0.43546
708, 23.5902, 0.982358, 1, 0.197413, 0.151404, -0.968558, -0.137623, 0.259717, -0.955828, -3.1116, 31.1705, 305.677, 0.179796, -0.0684214, -0.0578947, 0.103738, 0.429896
709, 23.6236, 0.982855, 1, 0.208818, 0.156772, -0.965307, -0.152299, 0.264497, -0.952285, -3.14274, 31.168, 305.904, 0.174077, -0.0678405, -0.0584538, 0.101142, 0.430253
710, 23.657, 0.981843, 1, 0.205664, 0.167969, -0.9641, -0.151111, 0.267213, -0.951715, -3.07889, 31.0691, 305.853, 0.172465, -0.0663962, -0.0589213, 0.0985802, 0.435647
711, 23.6903, 0.982078, 1, 0.213837, 0.168789, -0.962177, -0.159213, 0.262194, -0.951791, -2.97452, 31.0043, 306.152, 0.17067, -0.0685333, -0.0596149, 0.100241, 0.432484
712, 23.7237, 0.981826, 1, 0.201849, 0.17271, -0.964069, -0.153904, 0.259247, -0.95347, -2.8434, 30.7657, 305.41, 0.168852, -0.0682274, -0.0607193, 0.0980065, 0.430334
713, 23.7571, 0.981145, 1, 0.169028, 0.148618, -0.974342, -0.148957, 0.257767, -0.954656, -2.55946, 30.8262, 306.437, 0.163984, -0.0710763, -0.0604238, 0.0848212, 0.411521
714, 23.7904, 0.982392, 1, 0.177965, 0.154138, -0.97189, -0.159375, 0.254428, -0.953869, -2.30637, 30.9146, 306.183, 0.167677, -0.0735609, -0.0605416, 0.088127, 0.417482
715, 23.8238, 0.982334, 1, 0.177166, 0.154415, -0.971992, -0.158631, 0.257124, -0.95327, -1.99474, 31.1112, 305.75, 0.176621, -0.0784695, -0.0599566, 0.0942874, 0.426999
716, 23.8572, 0.983778, 1, 0.168097, 0.152074, -0.97397, -0.159649, 0.260058, -0.952303, -1.82799, 31.1507, 305.916, 0.18087, -0.0799393, -0.0599914, 0.0896134, 0.430806
717, 23.8905, 0.982753, 1, 0.160553, 0.137215, -0.977443, -0.164548, 0.25221, -0.953579, -1.53697, 31.0518, 306.104, 0.175955, -0.0823701, -0.0603865, 0.0850908, 0.411427
718, 23.9239, 0.983042, 1, 0.163079, 0.14384, -0.976071, -0.161794, 0.253593, -0.953684, -1.23739, 31.0016, 305.693, 0.177516, -0.0841852, -0.0588478, 0.0922519, 0.415015
719, 23.9573, 0.984962, 1, 0.186734, 0.162022, -0.968958, -0.161936, 0.268063, -0.949694, -1.11549, 30.9177, 304.441, 0.179985, -0.0809111, -0.0566664, 0.103785, 0.436752
720, 23.9906, 0.985913, 1, 0.183516, 0.166639, -0.96879, -0.161083, 0.266357, -0.950319, -0.955441, 30.857, 303.304, 0.181588, -0.0790534, -0.0550383, 0.0997417, 0.440404
721, 24.024, 0.986061, 1, 0.176284, 0.15809, -0.971561, -0.16519, 0.253431, -0.953145, -0.754894, 31.0376, 303.395, 0.184259, -0.0770716, -0.0542174, 0.0894194, 0.432
722, 24.0574, 0.986966, 1, 0.192069, 0.149719, -0.969894, -0.170544, 0.254907, -0.951807, -0.569742, 31.1585, 302.976, 0.181373, -0.0774883, -0.0541513, 0.0947753, 0.424202
723, 24.0907, 0.986605, 1, 0.202055, 0.160221, -0.96618, -0.169914, 0.2497, -0.953299, -0.430756, 31.3824, 303.964, 0.17932, -0.0785356, -0.0547644, 0.0991752, 0.419309
724, 24.1241, 0.987341, 1, 0.20305, 0.154625, -0.966882, -0.165455, 0.242824, -0.955856, -0.376915, 31.3684, 303.446, 0.166482, -0.076845, -0.0549409, 0.10113, 0.401845
725, 24.1575, 0.987498, 1, 0.200507, 0.161975, -0.96621, -0.165559, 0.251332, -0.953636, -0.53149, 31.5729, 304.658, 0.160796, -0.0707938, -0.0533751, 0.0897439, 0.405445
726, 24.1908, 0.987318, 1, 0.17451, 0.165486, -0.97065, -0.165203, 0.258926, -0.951664, -0.607917, 31.7423, 305.548, 0.16131, -0.0699257, -0.0528273, 0.0735806, 0.414061
727, 24.2242, 0.986953, 1, 0.182279, 0.159489, -0.970226, -0.167548, 0.257477, -0.951648, -0.71687, 31.6909, 306.045, 0.15544, -0.0681208, -0.0529675, 0.073692, 0.403549
728, 24.2576, 0.98657, 1, 0.180032, 0.158757, -0.970765, -0.166869, 0.25889, -0.951384, -0.91668, 31.5471, 306.265, 0.148595, -0.0646072, -0.0531698, 0.0679677, 0.395545
729, 24.2909, 0.985286, 1, 0.17081, 0.147265, -0.974237, -0.151294, 0.252615, -0.955665, -0.906186, 31.5013, 307.211, 0.143897, -0.064947, -0.0546332, 0.0700184, 0.378257
730, 24.3243, 0.985832, 1, 0.16383, 0.153472, -0.974477, -0.155052, 0.252138, -0.955189, -0.96561, 31.4031, 307.134, 0.142363, -0.0642211, -0.0540754, 0.0639427, 0.380283
731, 24.3577, 0.985965, 1, 0.156284, 0.151561, -0.976015, -0.151577, 0.25646, -0.954596, -1.06489, 31.4574, 307.606, 0.141782, -0.0619716, -0.0548395, 0.0581453, 0.380839
732, 24.391, 0.986291, 1, 0.146982, 0.161065, -0.975938, -0.152259, 0.250403, -0.956094, -1.2467, 31.4266, 307.46, 0.138822, -0.060318, -0.0548058, 0.0511371, 0.379956
733, 24.4244, 0.985854, 1, 0.154193, 0.139835, -0.978096, -0.134944, 0.245246, -0.960023, -1.60643, 31.5432, 309.347, 0.126084, -0.0589182, -0.0555142, 0.0592256, 0.350931
734, 24.4578, 0.985991, 1, 0.194125, 0.197174, -0.960957, -0.161525, 0.239748, -0.957304, -1.98405, 30.9006, 304.579, 0.121097, -0.0549143, -0.0573335, 0.0715359, 0.37775
735, 24.4911, 0.986886, 1, 0.192307, 0.15145, -0.969578, -0.176706, 0.24801, -0.952505, -2.25208, 30.7135, 304.255, 0.130004, -0.0560494, -0.0576004, 0.0616008, 0.367271
736, 24.5245, 0.985335, 1, 0.198634, 0.149074, -0.96867, -0.176067, 0.243005, -0.953912, -2.41841, 30.6771, 305.675, 0.127594, -0.056271, -0.057411, 0.063578, 0.359935
737, 24.5579, 0.986644, 1, 0.234884, 0.182699, -0.954699, -0.170718, 0.246196, -0.954067, -2.74643, 30.365, 302.991, 0.134429, -0.0507135, -0.0557048, 0.0816969, 0.38884
738, 24.5912, 0.986808, 1, 0.210435, 0.161807, -0.964124, -0.16211, 0.255248, -0.953189, -2.92524, 30.6714, 304.247, 0.141966, -0.0511938, -0.0541528, 0.0724093, 0.393548
739, 24.6246, 0.982337, 1, 0.146373, 0.197735, -0.969266, -0.13933, 0.208369, -0.968075, -3.00307, 30.6714, 303.338, 0.131338, -0.0525271, -0.0511309, 0.05725, 0.376912
740, 24.658, 0.977789, 1, 0.205514, 0.215313, -0.954675, -0.130258, 0.214696, -0.967956, -3.11716, 30.5722, 296.142, 0.155347, -0.0504241, -0.0483477, 0.103102, 0.406315
741, 24.6913, 0.975418, 1, 0.23177, 0.210576, -0.949705, -0.123189, 0.232298, -0.964812, -3.39174, 30.8357, 298.803, 0.155155, -0.0469864, -0.0488966, 0.11515, 0.411367
742, 24.7247, 0.975484, 1, 0.25354, 0.202901, -0.945806, -0.136047, 0.230162, -0.963596, -3.32088, 30.3065, 298.038, 0.151445, -0.049557, -0.0525154, 0.125665, 0.405973
743, 24.7581, 0.975723, 1, 0.236667, 0.171904, -0.956262, -0.145455, 0.187189, -0.971495, -2.92254, 29.9997, 299.386, 0.152186, -0.060626, -0.0572881, 0.12256, 0.370056
744, 24.7914, 0.978788, 1, 0.210846, 0.193977, -0.95808, -0.186375, 0.260864, -0.947214, -2.4545, 29.8873, 303.413, 0.139406, -0.0762569, -0.0618717, 0.110776, 0.413312
745, 24.8248, 0.979697, 1, 0.219398, 0.190474, -0.956862, -0.179975, 0.248972, -0.951642, -2.12554, 29.7891, 303.275, 0.138923, -0.0873931, -0.0663344, 0.136212, 0.40416
746, 24.8582, 0.98001, 1, 0.168091, 0.208403, -0.96349, -0.150428, 0.252791, -0.955755, -2.09294, 29.9278, 305.47, 0.147239, -0.0914895, -0.0679133, 0.127728, 0.420621
747, 24.8915, 0.981275, 1, 0.190271, 0.196606, -0.961844, -0.187859, 0.265098, -0.945744, -2.13036, 29.2674, 301.699, 0.143043, -0.0883653, -0.0710535, 0.11929, 0.421088
748, 24.9249, 0.981818, 1, 0.177886, 0.197611, -0.964005, -0.155656, 0.238014, -0.958708, -2.2106, 29.1791, 303.947, 0.1435, -0.0887408, -0.0725937, 0.127571, 0.404925
749, 24.9583, 0.982184, 1, 0.161017, 0.191811, -0.968133, -0.140864, 0.233091, -0.962198, -2.30172, 29.2274, 305.903, 0.152351, -0.0831009, -0.0714249, 0.114262, 0.406487
750, 24.9916, 0.98336, 1, 0.149196, 0.188926, -0.970591, -0.131122, 0.243066, -0.961107, -2.23627, 29.2699, 306.433, 0.157056, -0.082533, -0.0701874, 0.11195, 0.41448
751, 25.025, 0.984746, 1, 0.143255, 0.194709, -0.970343, -0.134748, 0.235069, -0.962593, -2.21639, 29.2304, 305.972, 0.15109, -0.0817307, -0.0684942, 0.105646, 0.407115
752, 25.0584, 0.985427, 1, 0.146751, 0.192043, -0.970352, -0.131941, 0.218393, -0.9669, -2.32714, 29.2393, 305.943, 0.149445, -0.081478, -0.068294, 0.107357, 0.394077
753, 25.0917, 0.985231, 1, 0.144011, 0.190049, -0.971155, -0.123987, 0.223351, -0.96682, -2.49051, 29.3026, 306.66, 0.156112, -0.0773618, -0.0681386, 0.103603, 0.400922
754, 25.1251, 0.985354, 1, 0.145972, 0.188452, -0.971174, -0.129185, 0.222474, -0.966342, -2.53597, 29.1155, 306.071, 0.149904, -0.0762106, -0.0690324, 0.101443, 0.394013
755, 25.1585, 0.986315, 1, 0.148274, 0.183896, -0.971698, -0.123399, 0.230032, -0.965328, -2.64285, 28.9688, 305.61, 0.154412, -0.076806, -0.0696999, 0.106891, 0.399003
756, 25.1918, 0.985567, 1, 0.154024, 0.183908, -0.970801, -0.132585, 0.217125, -0.967098, -2.67535, 28.9788, 306.165, 0.155331, -0.0772762, -0.0701764, 0.10412, 0.393127
757, 25.2252, 0.985782, 1, 0.149362, 0.18392, -0.971527, -0.119442, 0.215344, -0.969206, -2.75181, 28.9221, 305.476, 0.158293, -0.0778089, -0.0708782, 0.109812, 0.395197
758, 25.2586, 0.985178, 1, 0.152428, 0.177944, -0.972163, -0.123477, 0.212754, -0.969272, -2.85127, 29.0167, 305.956, 0.161018, -0.0772714, -0.0725366, 0.107715, 0.39369
759, 25.2919, 0.984483, 1, 0.145886, 0.177541, -0.97324, -0.129312, 0.206652, -0.969832, -2.83605, 29.0019, 305.468, 0.160289, -0.0788031, -0.0740464, 0.103309, 0.390768
760, 25.3253, 0.984124, 1, 0.135134, 0.169302, -0.976256, -0.132489, 0.212069, -0.968232, -2.82782, 29.1296, 305.994, 0.16401, -0.081563, -0.0757191, 0.0985489, 0.393264
761, 25.3587, 0.983134, 1, 0.123238, 0.16601, -0.978393, -0.135702, 0.219038, -0.966233, -2.81256, 29.1468, 306.245, 0.165584, -0.0822033, -0.0768985, 0.091271, 0.397737
762, 25.392, 0.982961, 1, 0.134825, 0.171934, -0.975839, -0.13318, 0.213369, -0.967852, -2.82179, 29.0547, 305.505, 0.163669, -0.0826491, -0.0782709, 0.100253, 0.395406
763, 25.4254, 0.982292, 1, 0.111148, 0.143623, -0.983371, -0.156894, 0.207076, -0.965662, -2.87378, 29.1207, 305.542, 0.170071, -0.0835008, -0.0784998, 0.0726025, 0.386301
764, 25.4588, 0.982207, 1, 0.101768, 0.106502, -0.989091, -0.15446, 0.21194, -0.964999, -2.90149, 29.2594, 305.555, 0.1694, -0.0842227, -0.0785941, 0.0675942, 0.370253
765, 25.4921, 0.982348, 1, 0.109672, 0.0657158, -0.991793, -0.163759, 0.218159, -0.962076, -2.92707, 29.4333, 305.902, 0.174532, -0.084463, -0.0782961, 0.0640652, 0.357686
766, 25.5255, 0.982708, 1, 0.13184, 0.0778244, -0.988211, -0.154634, 0.231273, -0.960521, -2.98906, 29.6474, 307.484, 0.174218, -0.0840886, -0.0779079, 0.0790197, 0.367642
767, 25.5589, 0.982066, 1, 0.175102, 0.168694, -0.969991, -0.142222, 0.202639, -0.968871, -2.86026, 29.4196, 305.546, 0.156661, -0.0816471, -0.0774385, 0.114827, 0.380537
768, 25.5922, 0.979147, 1, 0.165152, 0.150812, -0.974669, -0.137464, 0.19384, -0.971355, -2.90551, 29.3809, 302.732, 0.165417, -0.0725987, -0.0769544, 0.103824, 0.371443
769, 25.6256, 0.979477, 1, 0.207742, 0.187835, -0.95998, -0.143707, 0.225291, -0.963635, -2.96129, 28.7108, 296.927, 0.157297, -0.0699978, -0.0766176, 0.128316, 0.399474
770, 25.659, 0.980079, 1, 0.200209, 0.184096, -0.962302, -0.157259, 0.238719, -0.958271, -2.91361, 28.8503, 300.979, 0.157233, -0.0763378, -0.0760443, 0.121209, 0.406051
860, 28.662, 0.983238, 1, 0.187209, 0.186863, -0.964383, -0.168437, 0.217192, -0.961487, -1.84154, 33.6564, 302.497, 0.172721, -0.0939868, -0.00517191, 0.104265, 0.410619
861, 28.6953, 0.98286, 1, 0.235682, 0.197836, -0.95148, -0.179609, 0.225473, -0.95755, -2.04581, 33.5405, 301.047, 0.1736, -0.093577, -0.00628618, 0.125456, 0.424943
862, 28.7287, 0.983625, 1, 0.234883, 0.195774, -0.952104, -0.181748, 0.226275, -0.956957, -2.24327, 33.6937, 301.202, 0.181407, -0.0937901, -0.00587389, 0.122721, 0.432688
863, 28.7621, 0.984216, 1, 0.238785, 0.197765, -0.950721, -0.181667, 0.219563, -0.958535, -2.40918, 33.6444, 300.81, 0.180361, -0.0925214, -0.00588296, 0.122908, 0.430194
864, 28.7954, 0.983344, 1, 0.233546, 0.203046, -0.950909, -0.180958, 0.223682, -0.957716, -2.55127, 33.668, 300.615, 0.182628, -0.0900337, -0.00611568, 0.117037, 0.437493
865, 28.8288, 0.984068, 1, 0.239432, 0.209226, -0.948102, -0.177764, 0.215171, -0.960261, -2.55607, 33.669, 300.134, 0.182317, -0.0918903, -0.00739931, 0.124483, 0.436553
866, 28.8622, 0.984427, 1, 0.246985, 0.212534, -0.945424, -0.177416, 0.218386, -0.9596, -2.53868, 33.8188, 300.021, 0.185187, -0.0933229, -0.00776065, 0.130956, 0.442848
867, 28.8955, 0.984108, 1, 0.240115, 0.202937, -0.949295, -0.174232, 0.215548, -0.960824, -2.57382, 34.0044, 300.129, 0.187265, -0.0924694, -0.00737659, 0.127458, 0.437734
868, 28.9289, 0.983673, 1, 0.245771, 0.199132, -0.948653, -0.178285, 0.217504, -0.959639, -2.5761, 34.1368, 299.751, 0.190522, -0.0929714, -0.00760404, 0.129374, 0.440614
869, 28.9623, 0.983587, 1, 0.240167, 0.200272, -0.949848, -0.172904, 0.2197, -0.960123, -2.61593, 34.1969, 299.728, 0.193412, -0.0918679, -0.00754287, 0.128178, 0.444539
870, 28.9956, 0.984056, 1, 0.238815, 0.195979, -0.951083, -0.172673, 0.212542, -0.961774, -2.65801, 34.1921, 299.949, 0.193066, -0.091503, -0.00737473, 0.126923, 0.437744
871, 29.029, 0.984335, 1, 0.229273, 0.189919, -0.954654, -0.168997, 0.218999, -0.960978, -2.64477, 34.0768, 299.695, 0.191864, -0.0898263, -0.00755049, 0.122245, 0.436839
872, 29.0624, 0.984294, 1, 0.240097, 0.188623, -0.952247, -0.171811, 0.218409, -0.960614, -2.63535, 33.955, 299.786, 0.188919, -0.0884472, -0.00851261, 0.124716, 0.433133
873, 29.0957, 0.984129, 1, 0.23603, 0.187084, -0.953567, -0.172498, 0.218629, -0.96044, -2.58924, 33.8987, 299.99, 0.188523, -0.0881901, -0.00930242, 0.121617, 0.431898
874, 29.1291, 0.984643, 1, 0.240295, 0.180451, -0.95378, -0.172895, 0.217584, -0.960606, -2.47972, 33.7823, 299.857, 0.184429, -0.0884469, -0.0108234, 0.124776, 0.42459
875, 29.1625, 0.983918, 1, 0.237223, 0.183145, -0.954035, -0.179796, 0.214521, -0.960028, -2.37942, 33.6969, 299.755, 0.18518, -0.0887816, -0.0120839, 0.12023, 0.425289
876, 29.1958, 0.983353, 1, 0.249392, 0.182741, -0.951005, -0.175831, 0.219635, -0.959606, -2.3232, 33.6526, 299.808, 0.185354, -0.0892191, -0.0138485, 0.12982, 0.428312
877, 29.2292, 0.983383, 1, 0.254072, 0.183893, -0.949542, -0.180672, 0.218481, -0.95897, -2.19514, 33.5688, 299.866, 0.182614, -0.0900967, -0.0161596, 0.131391, 0.426029
878, 29.2626, 0.983128, 1, 0.248918, 0.185598, -0.950575, -0.18417, 0.214133, -0.959285, -2.10583, 33.5272, 299.921, 0.18248, -0.0902824, -0.0175797, 0.126343, 0.42437
879, 29.2959, 0.983635, 1, 0.250486, 0.186474, -0.949992, -0.17597, 0.212463, -0.961194, -1.99269, 33.538, 299.403, 0.185463, -0.0920988, -0.0186112, 0.134089, 0.426321
880, 29.3293, 0.983695, 1, 0.249, 0.190118, -0.94966, -0.178352, 0.212868, -0.960665, -1.81433, 33.5732, 298.765, 0.187931, -0.0966953, -0.0188246, 0.137862, 0.430975
881, 29.3627, 0.983154, 1, 0.251789, 0.199309, -0.947037, -0.17372, 0.21327, -0.961425, -1.7623, 33.5506, 298.677, 0.189154, -0.0968787, -0.0175143, 0.14148, 0.437277
882, 29.396, 0.983316, 1, 0.245687, 0.198579, -0.948791, -0.168498, 0.213821, -0.962231, -1.64545, 33.4582, 298.562, 0.186824, -0.0987929, -0.0172699, 0.143951, 0.434939
883, 29.4294, 0.9833, 1, 0.24996, 0.203502, -0.946629, -0.176853, 0.209024, -0.961786, -1.60937, 33.2742, 299, 0.178779, -0.0957699, -0.0164917, 0.137864, 0.428206
884, 29.4628, 0.983914, 1, 0.24523, 0.196277, -0.949388, -0.174869, 0.201893, -0.96367, -1.46621, 33.1039, 299.312, 0.175589, -0.0945971, -0.0169049, 0.135264, 0.417219
885, 29.4961, 0.98257, 1, 0.243137, 0.193159, -0.950565, -0.180812, 0.202841, -0.962373, -1.37308, 33.0168, 299.661, 0.17683, -0.0914393, -0.0183231, 0.126296, 0.417287
886, 29.5295, 0.981276, 1, 0.246594, 0.186999, -0.950906, -0.178375, 0.197691, -0.963899, -1.17974, 32.7744, 299.769, 0.172451, -0.0916974, -0.0205235, 0.130795, 0.407187
887, 29.5629, 0.982333, 1, 0.245759, 0.185563, -0.951404, -0.17974, 0.198172, -0.963546, -1.10899, 32.6329, 300.32, 0.167869, -0.090577, -0.0232643, 0.128535, 0.40188
888, 29.5962, 0.981137, 1, 0.242293, 0.184543, -0.95249, -0.180803, 0.200708, -0.962822, -1.04396, 32.5088, 301.008, 0.162537, -0.0900834, -0.024797, 0.125856, 0.396835
889, 29.6296, 0.9821, 1, 0.242557, 0.179276, -0.953429, -0.181559, 0.199944, -0.962839, -1.07691, 32.3417, 300.851, 0.157285, -0.0899036, -0.0263746, 0.125617, 0.388089
890, 29.663, 0.981965, 1, 0.249124, 0.17432, -0.952654, -0.180176, 0.197566, -0.963589, -1.15543, 32.258, 301.257, 0.155107, -0.0882788, -0.0269577, 0.127623, 0.382477
1004, 33.4668, 0.976897, 1, 0.219322, 0.207649, -0.953299, -0.126748, 0.201547, -0.971244, -0.285493, 35.1758, 296.122, 0.167971, -0.108091, -0.0511636, 0.182503, 0.412193
1005, 33.5001, 0.977664, 1, 0.203883, 0.196061, -0.959162, -0.136916, 0.200045, -0.970173, -0.052766, 35.4607, 297.52, 0.17023, -0.109427, -0.0510864, 0.168641, 0.406831
1006, 33.5335, 0.979085, 1, 0.207471, 0.195387, -0.95853, -0.137977, 0.204427, -0.969109, 0.0927402, 35.5916, 297.495, 0.168652, -0.110371, -0.0508316, 0.171953, 0.407442
1007, 33.5669, 0.978169, 1, 0.205103, 0.193031, -0.959516, -0.152463, 0.209149, -0.965925, 0.131524, 35.915, 298.881, 0.173493, -0.111577, -0.0499142, 0.163171, 0.412876
1008, 33.6002, 0.977076, 1, 0.212406, 0.193781, -0.957775, -0.152746, 0.212183, -0.965219, 0.196646, 36.1698, 300.183, 0.176917, -0.112597, -0.0497624, 0.167751, 0.41782
1009, 33.6336, 0.977988, 1, 0.209026, 0.198521, -0.957548, -0.152299, 0.210323, -0.965696, 0.149958, 36.0439, 298.754, 0.173747, -0.111476, -0.0497201, 0.16619, 0.416644
1010, 33.667, 0.976676, 1, 0.214577, 0.195512, -0.956939, -0.14291, 0.205984, -0.968064, 0.165611, 36.0531, 299.23, 0.169974, -0.112174, -0.0481757, 0.175071, 0.409035
1011, 33.7003, 0.975584, 1, 0.208718, 0.205901, -0.956055, -0.152623, 0.209703, -0.96578, 0.151729, 36.0067, 299.566, 0.169357, -0.112475, -0.0480653, 0.16749, 0.415632
1012, 33.7337, 0.975755, 1, 0.194429, 0.200756, -0.960153, -0.136417, 0.208287, -0.968508, 0.131083, 35.7495, 298.307, 0.164046, -0.110819, -0.0490873, 0.166962, 0.406269
1013, 33.7671, 0.975205, 1, 0.200543, 0.195445, -0.959991, -0.142718, 0.206273, -0.968031, 0.18861, 35.6364, 298.986, 0.159815, -0.113039, -0.05022, 0.169271, 0.397848
1014, 33.8004, 0.976164, 1, 0.213095, 0.198712, -0.956611, -0.14821, 0.206656, -0.967123, 0.196463, 35.6196, 299.973, 0.158573, -0.111767, -0.0518998, 0.171502, 0.397068
1015, 33.8338, 0.977417, 1, 0.205982, 0.200864, -0.957719, -0.143807, 0.202438, -0.968679, 0.218796, 35.4186, 299.621, 0.156199, -0.109304, -0.0539769, 0.16755, 0.393127
1016, 33.8672, 0.978117, 1, 0.223009, 0.205359, -0.95294, -0.153891, 0.200909, -0.967447, 0.239652, 35.4292, 300.385, 0.154018, -0.108767, -0.054419, 0.171007, 0.39277
1017, 33.9005, 0.97888, 1, 0.217488, 0.207588, -0.953733, -0.153612, 0.204502, -0.966738, 0.184295, 35.4714, 300.668, 0.158462, -0.108347, -0.0547409, 0.167234, 0.398976
1018, 33.9339, 0.979239, 1, 0.210827, 0.195814, -0.95771, -0.174214, 0.195282, -0.96515, 0.0779342, 35.5884, 300.787, 0.163811, -0.107915, -0.0548116, 0.14989, 0.393798
1019, 33.9673, 0.978335, 1, 0.221255, 0.207336, -0.952921, -0.17491, 0.199835, -0.964092, -0.00948817, 35.8656, 301.536, 0.168219, -0.108897, -0.0547837, 0.156918, 0.407561
1020, 34.0006, 0.977445, 1, 0.220819, 0.210793, -0.952263, -0.161689, 0.208933, -0.964471, -0.198584, 35.9686, 300.136, 0.176077, -0.106771, -0.0532644, 0.162373, 0.422965
1021, 34.034, 0.978251, 1, 0.229023, 0.205017, -0.951586, -0.166878, 0.208805, -0.963614, -0.312658, 36.3131, 300.774, 0.184859, -0.105867, -0.0522985, 0.161795, 0.428147
1022, 34.0674, 0.978338, 1, 0.22691, 0.201907, -0.952757, -0.16745, 0.204192, -0.964503, -0.424329, 36.4557, 300.733, 0.18666, -0.10595, -0.0515059, 0.159655, 0.425915
1023, 34.1007, 0.978312, 1, 0.240358, 0.209722, -0.947758, -0.171427, 0.204404, -0.963759, -0.530227, 36.5017, 300.543, 0.188396, -0.104385, -0.0508219, 0.163217, 0.432107
1024, 34.1341, 0.978475, 1, 0.230181, 0.203529, -0.951626, -0.167776, 0.202503, -0.964802, -0.558034, 36.6049, 300.341, 0.188656, -0.103903, -0.0506524, 0.158673, 0.428256
1025, 34.1675, 0.978197, 1, 0.229825, 0.196194, -0.953251, -0.164726, 0.200203, -0.965808, -0.51758, 36.6623, 299.77, 0.190172, -0.104129, -0.0511148, 0.160659, 0.424598
1026, 34.2008, 0.978482, 1, 0.231462, 0.204214, -0.951169, -0.160996, 0.197841, -0.966923, -0.51141, 36.7362, 299.158, 0.192903, -0.104132, -0.0513385, 0.163862, 0.43041
1027, 34.2342, 0.976976, 1, 0.218165, 0.196183, -0.95599, -0.127616, 0.201953, -0.971045, -0.433441, 36.7783, 298.368, 0.194678, -0.103481, -0.0511785, 0.17398, 0.429557
1028, 34.2676, 0.976865, 1, 0.201643, 0.198355, -0.959164, -0.125554, 0.20628, -0.970405, -0.34622, 36.8048, 297.358, 0.19658, -0.102271, -0.0508435, 0.164576, 0.435167
1029, 34.3009, 0.978289, 1, 0.208692, 0.208981, -0.955392, -0.118704, 0.201094, -0.972353, -0.171656, 36.918, 297.073, 0.19432, -0.105241, -0.0490512, 0.176076, 0.435706
1030, 34.3343, 0.976749, 1, 0.206616, 0.210447, -0.955522, -0.130668, 0.208545, -0.969244, 0.0435456, 37.221, 298.161, 0.198512, -0.107784, -0.0471427, 0.170243, 0.444761
1031, 34.3677, 0.977254, 1, 0.201504, 0.205298, -0.957731, -0.140745, 0.20745, -0.968068, 0.206212, 37.3822, 298.549, 0.200724, -0.108653, -0.0462683, 0.16193, 0.444375
1032, 34.401, 0.975937, 1, 0.206324, 0.211512, -0.95535, -0.135747, 0.204031, -0.969507, 0.323192, 37.3705, 298.095, 0.200356, -0.110001, -0.0459126, 0.169503, 0.445771
1033, 34.4344, 0.975972, 1, 0.198786, 0.207061, -0.95792, -0.135985, 0.20764, -0.968707, 0.381439, 37.3287, 297.479, 0.19665, -0.109316, -0.045145, 0.164518, 0.441517
1034, 34.4678, 0.976781, 1, 0.210861, 0.216179, -0.953312, -0.141585, 0.204628, -0.968546, 0.425028, 37.4571, 298.624, 0.197575, -0.110502, -0.0447244, 0.169549, 0.445074
1035, 34.5011, 0.976411, 1, 0.2086, 0.204705, -0.956338, -0.147819, 0.207193, -0.967068, 0.461787, 37.3397, 298.596, 0.194928, -0.11037, -0.0450999, 0.164156, 0.437344
1036, 34.5345, 0.976749, 1, 0.219001, 0.202208, -0.954542, -0.148842, 0.20188, -0.968034, 0.487179, 37.3678, 299.772, 0.194426, -0.111055, -0.0466099, 0.169851, 0.432333
1037, 34.5679, 0.979646, 1, 0.219659, 0.191328, -0.956631, -0.154509, 0.201472, -0.967231, 0.444236, 37.0669, 300.346, 0.196696, -0.114838, -0.0477008, 0.170397, 0.430122
1038, 34.6012, 0.984749, 1, 0.159307, 0.208632, -0.964932, -0.134832, 0.234285, -0.962773, 0.492982, 37.1417, 303.465, 0.208767, -0.124609, -0.0489879, 0.160021, 0.46554
1039, 34.6346, 0.983483, 1, 0.194156, 0.194766, -0.961441, -0.151387, 0.23066, -0.961186, 0.331556, 36.5545, 300.447, 0.200177, -0.123244, -0.0509954, 0.171463, 0.451749
1446, 48.2148, 0.9838, 1, 0.188251, 0.153175, -0.970102, -0.148968, 0.249739, -0.956786, -3.80116, 34.5838, 299.525, 0.241318, -0.0584341, -0.0855757, 0.0819452, 0.487478
1447, 48.2482, 0.983848, 1, 0.193411, 0.155619, -0.968697, -0.154003, 0.255667, -0.95442, -3.72888, 34.623, 299.96, 0.235611, -0.0589671, -0.0850271, 0.084065, 0.486538
1448, 48.2816, 0.984545, 1, 0.196622, 0.155619, -0.968051, -0.157014, 0.251158, -0.955126, -3.61725, 34.5939, 300.952, 0.229116, -0.0584986, -0.0854207, 0.0825754, 0.478175
1449, 48.3149, 0.983649, 1, 0.224718, 0.15329, -0.962291, -0.158584, 0.249313, -0.95535, -3.48866, 34.2047, 299.449, 0.227244, -0.0562454, -0.0870591, 0.0962731, 0.474296
1450, 48.3483, 0.984312, 1, 0.242147, 0.152487, -0.958182, -0.159714, 0.250429, -0.95487, -3.36386, 33.9435, 298.75, 0.225555, -0.0540132, -0.0886002, 0.104456, 0.473067
1451, 48.3817, 0.984656, 1, 0.204574, 0.151006, -0.967133, -0.158845, 0.255872, -0.953571, -3.29882, 34.1382, 302.507, 0.220982, -0.0543407, -0.0888804, 0.0791636, 0.469666
1452, 48.415, 0.984114, 1, 0.25256, 0.159843, -0.954287, -0.161347, 0.254349, -0.953559, -3.34901, 33.7347, 300.26, 0.223762, -0.050914, -0.0894645, 0.105383, 0.475697
1453, 48.4484, 0.983354, 1, 0.18873, 0.150595, -0.970413, -0.15292, 0.261439, -0.953029, -3.29378, 33.7884, 302.904, 0.214517, -0.0501061, -0.0889426, 0.0703186, 0.464967
1454, 48.4818, 0.98258, 1, 0.189439, 0.151487, -0.970136, -0.155524, 0.25876, -0.953339, -3.2238, 33.7672, 303.833, 0.217698, -0.0515408, -0.0888096, 0.0698894, 0.466371
1455, 48.5151, 0.981182, 1, 0.159893, 0.145707, -0.976322, -0.146475, 0.248498, -0.957493, -3.12513, 33.76, 304.721, 0.212455, -0.0512036, -0.0883919, 0.0579708, 0.45116
1456, 48.5485, 0.981322, 1, 0.153443, 0.141038, -0.978041, -0.143819, 0.24443, -0.958942, -3.08209, 33.6683, 304.584, 0.211687, -0.0518841, -0.0886366, 0.0572621, 0.446211
1457, 48.5819, 0.981792, 1, 0.166452, 0.142991, -0.975627, -0.152115, 0.25701, -0.954362, -3.14618, 33.6593, 304.857, 0.213572, -0.0528577, -0.0883886, 0.0617089, 0.456619
1458, 48.6152, 0.981698, 1, 0.163579, 0.13928, -0.976649, -0.152826, 0.254215, -0.954997, -3.16102, 33.6505, 305.016, 0.212181, -0.0524649, -0.0884708, 0.0590024, 0.451923
1459, 48.6486, 0.98139, 1, 0.173559, 0.131034, -0.976067, -0.14587, 0.25551, -0.955739, -3.27398, 33.5966, 305.116, 0.210524, -0.053476, -0.0888802, 0.0698769, 0.44598
1460, 48.682, 0.982096, 1, 0.181955, 0.132586, -0.974327, -0.14714, 0.255581, -0.955525, -3.36923, 33.5559, 305.133, 0.211479, -0.0547596, -0.089021, 0.0754974, 0.447338
1461, 48.7153, 0.980978, 1, 0.173307, 0.145552, -0.974053, -0.146596, 0.262274, -0.953794, -3.3759, 33.505, 305.039, 0.214629, -0.0540784, -0.0886594, 0.0707829, 0.460819
1462, 48.7487, 0.980269, 1, 0.178706, 0.147104, -0.972844, -0.147485, 0.263028, -0.953449, -3.47123, 33.4676, 304.963, 0.212978, -0.0544063, -0.0884207, 0.0749452, 0.460749
1463, 48.7821, 0.981217, 1, 0.189042, 0.138311, -0.97218, -0.148163, 0.259536, -0.9543, -3.53079, 33.4315, 305.262, 0.212062, -0.0554509, -0.0881235, 0.0804725, 0.45282
1464, 48.8154, 0.981222, 1, 0.19522, 0.131625, -0.971887, -0.149851, 0.252831, -0.955835, -3.53996, 33.3574, 304.938, 0.21309, -0.0562638, -0.0888475, 0.0835504, 0.447388
1465, 48.8488, 0.9811, 1, 0.195142, 0.134412, -0.971521, -0.148388, 0.251349, -0.956454, -3.62057, 33.272, 305.439, 0.208968, -0.0540984, -0.0891274, 0.0810312, 0.443539
1466, 48.8822, 0.981592, 1, 0.185071, 0.141678, -0.972459, -0.146451, 0.253726, -0.956125, -3.61049, 33.1299, 305.538, 0.206469, -0.0540636, -0.0890185, 0.0771453, 0.446965
1467, 48.9155, 0.981325, 1, 0.192477, 0.142905, -0.97084, -0.152201, 0.258524, -0.953939, -3.61886, 33.0338, 305.482, 0.206616, -0.053883, -0.0888418, 0.0780555, 0.450428
1542, 51.418, 0.982287, 1, 0.217683, 0.132425, -0.966994, -0.166135, 0.252985, -0.953099, -3.69459, 32.0187, 305.36, 0.217408, -0.0498615, -0.095168, 0.0804873, 0.446399
1543, 51.4514, 0.981759, 1, 0.264077, 0.136624, -0.954776, -0.163352, 0.2513, -0.954025, -3.78468, 31.686, 302.18, 0.218977, -0.0476736, -0.0962201, 0.109682, 0.449102
1544, 51.4848, 0.981907, 1, 0.25382, 0.139399, -0.957154, -0.168685, 0.247519, -0.954086, -3.84501, 31.6841, 302.678, 0.213961, -0.0469283, -0.0961223, 0.0995052, 0.44366
1545, 51.5181, 0.982167, 1, 0.230459, 0.155246, -0.960618, -0.173398, 0.254705, -0.951346, -3.93329, 31.5438, 302.329, 0.218827, -0.0467739, -0.097227, 0.0838769, 0.461097
1546, 51.5515, 0.981261, 1, 0.156719, 0.190245, -0.969147, -0.194648, 0.268389, -0.94344, -4.06068, 31.1625, 300.765, 0.215873, -0.0486361, -0.0996257, 0.0360102, 0.486794
1547, 51.5849, 0.9814, 1, 0.078453, 0.17975, -0.980579, -0.236481, 0.246787, -0.939773, -4.04255, 30.9548, 300.842, 0.210323, -0.0476228, -0.0996323, -0.0364996, 0.471066
1548, 51.6182, 0.981365, 1, 0.0592491, 0.0877518, -0.994379, -0.286103, 0.214756, -0.933823, -3.95695, 30.2408, 296.956, 0.204636, -0.0444605, -0.0982579, -0.0791593, 0.407676
1619, 53.9873, 0.975257, 1, 0.173386, 0.123382, -0.977095, -0.116962, 0.29326, -0.948851, -2.78823, 30.9152, 301.658, 0.133929, -0.0586556, -0.0712077, 0.105557, 0.393935
1620, 54.0206, 0.976383, 1, 0.210062, 0.118166, -0.970521, -0.118851, 0.260989, -0.957997, -2.76681, 30.9518, 302.461, 0.133387, -0.0596009, -0.0716915, 0.12299, 0.37325
1621, 54.054, 0.977343, 1, 0.202481, 0.126197, -0.971121, -0.119724, 0.265864, -0.956547, -2.77776, 30.947, 302.856, 0.135364, -0.0599318, -0.0719522, 0.119428, 0.381617
1622, 54.0874, 0.977297, 1, 0.180092, 0.136449, -0.97414, -0.139257, 0.279045, -0.950127, -2.81997, 30.9501, 302.989, 0.135417, -0.0586139, -0.0730444, 0.0956945, 0.394932
1623, 54.1207, 0.977882, 1, 0.194506, 0.121817, -0.973308, -0.146614, 0.268949, -0.95193, -2.80431, 30.9126, 303.104, 0.135797, -0.0578533, -0.0739657, 0.0973244, 0.382702
1624, 54.1541, 0.977115, 1, 0.190351, 0.124722, -0.973761, -0.142592, 0.27293, -0.951408, -2.74853, 30.8278, 303.009, 0.138078, -0.0581313, -0.0750897, 0.0983832, 0.387798
1625, 54.1875, 0.976351, 1, 0.193468, 0.120471, -0.973682, -0.139186, 0.273079, -0.951869, -2.7303, 30.7358, 303.343, 0.137055, -0.0578522, -0.0769604, 0.102317, 0.384926
1626, 54.2208, 0.975404, 1, 0.205509, 0.118141, -0.971498, -0.137807, 0.271924, -0.9524, -2.72831, 30.6697, 303.516, 0.137561, -0.058743, -0.0776233, 0.110958, 0.38315
1627, 54.2542, 0.974009, 1, 0.208861, 0.115104, -0.971148, -0.142083, 0.265289, -0.953642, -2.72562, 30.5995, 303.455, 0.136284, -0.0576102, -0.0786786, 0.109246, 0.37655
1628, 54.2876, 0.974407, 1, 0.207146, 0.111662, -0.971917, -0.146622, 0.268144, -0.952156, -2.77446, 30.5674, 303.603, 0.135815, -0.0555247, -0.0800938, 0.103906, 0.376238
1629, 54.3209, 0.97336, 1, 0.22326, 0.107681, -0.968793, -0.150042, 0.270178, -0.951047, -2.85925, 30.5711, 303.955, 0.136319, -0.0556254, -0.0804333, 0.110467, 0.374976
1630, 54.3543, 0.972208, 1, 0.2204, 0.11177, -0.968985, -0.140654, 0.264725, -0.954011, -2.89196, 30.5346, 303.487, 0.135109, -0.0545808, -0.0802842, 0.112879, 0.372385
1780, 59.3593, 0.986473, 1, 0.220707, 0.195521, -0.955542, -0.188157, 0.254567, -0.948574, 2.34564, 44.3413, 305.394, 0.335276, -0.095715, -0.0305336, 0.13019, 0.574441
1781, 59.3927, 0.986516, 1, 0.22563, 0.202977, -0.952833, -0.182382, 0.254134, -0.949817, 2.46257, 46.5164, 307.019, 0.35327, -0.0976163, -0.0237013, 0.138153, 0.594076
1782, 59.426, 0.987261, 1, 0.228028, 0.205739, -0.951669, -0.188681, 0.248783, -0.950004, 2.27086, 48.4232, 307.505, 0.375585, -0.0940262, -0.0180347, 0.130969, 0.611594
1783, 59.4594, 0.986348, 1, 0.229022, 0.197944, -0.953083, -0.192087, 0.237361, -0.952241, 2.06487, 49.8148, 307.486, 0.38254, -0.090636, -0.0140241, 0.125285, 0.607665
1784, 59.4928, 0.986393, 1, 0.23548, 0.190631, -0.953, -0.191893, 0.219465, -0.956563, 1.78367, 51.2281, 308.662, 0.395959, -0.0869068, -0.0129667, 0.123586, 0.605476
1785, 59.5261, 0.985199, 1, 0.202237, 0.185257, -0.961655, -0.192197, 0.216284, -0.957226, 1.36442, 52.0304, 308.175, 0.397615, -0.0817035, -0.0123617, 0.0968925, 0.601742
1786, 59.5595, 0.986166, 1, 0.184319, 0.170465, -0.967971, -0.190013, 0.206512, -0.959816, 0.851794, 52.3209, 306.284, 0.398084, -0.0757412, -0.0129452, 0.0802872, 0.58935
1787, 59.5929, 0.986722, 1, 0.210245, 0.160801, -0.964334, -0.207881, 0.209645, -0.955424, 0.549847, 52.7707, 305.948, 0.404471, -0.0750107, -0.0133999, 0.0835483, 0.593065
1788, 59.6262, 0.987089, 1, 0.218988, 0.142956, -0.965198, -0.209579, 0.205308, -0.955994, 0.141562, 53.0179, 305.064, 0.403758, -0.0740896, -0.0154695, 0.086432, 0.582777
1789, 59.6596, 0.987275, 1, 0.227892, 0.148381, -0.962314, -0.212604, 0.206672, -0.955032, -0.319053, 53.2147, 304.769, 0.402196, -0.0712856, -0.0191897, 0.0878576, 0.584906
1790, 59.693, 0.988171, 1, 0.214481, 0.144298, -0.96601, -0.205129, 0.209472, -0.956056, -0.82147, 53.0331, 304.189, 0.39321, -0.067929, -0.0238577, 0.081904, 0.575577
1791, 59.7263, 0.98666, 1, 0.211114, 0.137398, -0.967756, -0.206541, 0.202469, -0.95726, -1.38937, 52.6537, 303.261, 0.386521, -0.0614726, -0.0302685, 0.072993, 0.563183
1792, 59.7597, 0.986253, 1, 0.156356, 0.133313, -0.978663, -0.190602, 0.193701, -0.962367, -1.64989, 52.9276, 306.216, 0.390343, -0.0576515, -0.0356121, 0.0437658, 0.556372
1793, 59.7931, 0.986558, 1, 0.177515, 0.146405, -0.973167, -0.181764, 0.193556, -0.964105, -1.86647, 52.6041, 306.264, 0.387921, -0.0537076, -0.0422552, 0.057424, 0.561005
1794, 59.8264, 0.986556, 1, 0.173748, 0.133221, -0.975738, -0.204694, 0.198769, -0.958432, -1.84213, 52.4004, 306.764, 0.380109, -0.0529638, -0.048797, 0.0416371, 0.550482
1795, 59.8598, 0.986976, 1, 0.170633, 0.139828, -0.975363, -0.199631, 0.19977, -0.959291, -1.67167, 52.0852, 305.652, 0.375225, -0.049113, -0.0540847, 0.0389286, 0.550374
1796, 59.8932, 0.987134, 1, 0.174231, 0.124825, -0.976761, -0.204849, 0.205934, -0.956885, -1.44017, 52.025, 305.074, 0.376087, -0.0497831, -0.0586435, 0.0378551, 0.547961
1797, 59.9265, 0.987894, 1, 0.182533, 0.132755, -0.974196, -0.213484, 0.213664, -0.953295, -1.25627, 51.9265, 304.648, 0.370628, -0.0476994, -0.0629708, 0.0361092, 0.552511
1798, 59.9599, 0.988202, 1, 0.180297, 0.118409, -0.976459, -0.218824, 0.210163, -0.952863, -0.986981, 51.9735, 304.269, 0.374934, -0.0496831, -0.0647136, 0.0337663, 0.547177
1799, 59.9933, 0.987952, 1, 0.181438, 0.119842, -0.976073, -0.232319, 0.213788, -0.948853, -0.752381, 52.0978, 304.992, 0.377667, -0.050789, -0.065761, 0.028666, 0.553805
1800, 60.0266, 0.987434, 1, 0.181524, 0.116249, -0.976491, -0.223302, 0.21195, -0.951427, -0.73406, 51.7787, 304.312, 0.371507, -0.047253, -0.0675973, 0.0286238, 0.544528
1801, 60.06, 0.988396, 1, 0.18343, 0.115897, -0.976177, -0.220319, 0.208465, -0.952891, -0.685763, 51.5117, 304.421, 0.370172, -0.0446241, -0.068894, 0.0291003, 0.541348
1802, 60.0934, 0.98782, 1, 0.185424, 0.118386, -0.975501, -0.209441, 0.210278, -0.954944, -0.654949, 51.0645, 304.265, 0.371507, -0.0412522, -0.0699527, 0.0308146, 0.544224
1803, 60.1267, 0.988143, 1, 0.250633, 0.148775, -0.956582, -0.206664, 0.210569, -0.955484, -0.578499, 50.1457, 301.887, 0.368156, -0.0404541, -0.0718637, 0.0732965, 0.558053
1804, 60.1601, 0.987191, 1, 0.197939, 0.138391, -0.970396, -0.201258, 0.202713, -0.958333, -0.252859, 49.8472, 303.581, 0.364926, -0.0396898, -0.0720089, 0.0410164, 0.544975
1805, 60.1935, 0.98847, 1, 0.196471, 0.132202, -0.971556, -0.205689, 0.203112, -0.957308, 0.122985, 49.5262, 304.479, 0.367368, -0.0415964, -0.0727614, 0.0382546, 0.544689
1806, 60.2268, 0.988504, 1, 0.192741, 0.133418, -0.972137, -0.202889, 0.205252, -0.957449, 0.394885, 48.987, 304.365, 0.360093, -0.0418784, -0.072865, 0.0386412, 0.53978
1807, 60.2602, 0.98804, 1, 0.194028, 0.143594, -0.97043, -0.196882, 0.212014, -0.957229, 0.646101, 48.5481, 304.381, 0.364852, -0.0426481, -0.0723244, 0.042719, 0.552779
1808, 60.2936, 0.988101, 1, 0.184784, 0.130509, -0.974075, -0.222259, 0.218171, -0.950264, 0.8147, 48.3066, 305.283, 0.35952, -0.0428857, -0.0723164, 0.0219514, 0.5467
1809, 60.3269, 0.988364, 1, 0.244855, 0.160374, -0.956204, -0.207515, 0.211948, -0.954995, 0.878976, 47.3071, 301.304, 0.351394, -0.0419166, -0.0706766, 0.070607, 0.551305
1810, 60.3603, 0.988732, 1, 0.232881, 0.157868, -0.959606, -0.221559, 0.224998, -0.948835, 0.952055, 47.0999, 301.863, 0.346951, -0.0429011, -0.0695263, 0.0555242, 0.554279
1811, 60.3937, 0.988308, 1, 0.244004, 0.15465, -0.957364, -0.215007, 0.216815, -0.952241, 0.875059, 46.9858, 302.094, 0.349008, -0.0421378, -0.0703191, 0.0646336, 0.549487
1812, 60.427, 0.988184, 1, 0.243877, 0.153865, -0.957523, -0.210819, 0.224247, -0.951456, 0.660057, 46.9847, 302.752, 0.350038, -0.0429215, -0.0702589, 0.06759, 0.554312
1813, 60.4604, 0.987439, 1, 0.196736, 0.152521, -0.968521, -0.201199, 0.219757, -0.954582, 0.33857, 47.2391, 304.582, 0.353868, -0.0402951, -0.070517, 0.0389198, 0.552858
1814, 60.4938, 0.987294, 1, 0.19894, 0.157724, -0.967236, -0.210916, 0.2226, -0.951821, 0.0725942, 47.2507, 304.919, 0.351019, -0.0404715, -0.0718154, 0.036696, 0.55505
1815, 60.5271, 0.987005, 1, 0.196565, 0.131662, -0.971611, -0.209476, 0.210734, -0.954836, -0.267145, 47.3489, 305.98, 0.35681, -0.0404009, -0.0740155, 0.0328884, 0.53941
1816, 60.5605, 0.986308, 1, 0.197074, 0.137724, -0.970667, -0.200257, 0.209553, -0.957071, -0.38974, 46.804, 304.838, 0.344938, -0.0385369, -0.0768827, 0.0402431, 0.531154
1817, 60.5939, 0.98624, 1, 0.205208, 0.155152, -0.966342, -0.18703, 0.20929, -0.959801, -0.458171, 46.2484, 304.626, 0.338071, -0.0375343, -0.0781567, 0.0525092, 0.533539
1818, 60.6272, 0.985909, 1, 0.189022, 0.135402, -0.972593, -0.19601, 0.214796, -0.956788, -0.38163, 46.0986, 305.898, 0.340076, -0.0408025, -0.079998, 0.0406042, 0.528497
1819, 60.6606, 0.986527, 1, 0.186672, 0.136075, -0.972953, -0.18858, 0.219167, -0.95729, -0.356351, 45.5324, 304.956, 0.335574, -0.0410441, -0.0819447, 0.0459439, 0.526664
1820, 60.694, 0.985608, 1, 0.184452, 0.138725, -0.973002, -0.202477, 0.226157, -0.952815, -0.327988, 45.4981, 306.634, 0.332435, -0.0444464, -0.0813935, 0.0392316, 0.53109
1821, 60.7273, 0.9848, 1, 0.193172, 0.157026, -0.968518, -0.177649, 0.215602, -0.960186, -0.465552, 44.8192, 303.622, 0.323566, -0.0402116, -0.0843951, 0.057801, 0.524795
1822, 60.7607, 0.984842, 1, 0.19151, 0.126686, -0.97328, -0.187735, 0.212544, -0.958948, -0.416963, 45.0337, 305.795, 0.323649, -0.0413853, -0.0859545, 0.0496809, 0.508441
1823, 60.7941, 0.983909, 1, 0.185549, 0.132197, -0.973702, -0.182051, 0.209201, -0.960777, -0.455707, 44.7682, 305.262, 0.321309, -0.0401735, -0.086607, 0.0487658, 0.506961
1824, 60.8274, 0.983015, 1, 0.171351, 0.11497, -0.978479, -0.198169, 0.218947, -0.955401, -0.52362, 44.4519, 304.579, 0.316187, -0.0397667, -0.0873307, 0.0319129, 0.500607
1825, 60.8608, 0.982812, 1, 0.261065, 0.14049, -0.955043, -0.19223, 0.238417, -0.951948, -0.939384, 43.3928, 299.623, 0.312575, -0.0365554, -0.0875951, 0.0889849, 0.519542
1826, 60.8942, 0.982869, 1, 0.278798, 0.148326, -0.948826, -0.187207, 0.217178, -0.958012, -1.45724, 42.986, 300.368, 0.320458, -0.0319024, -0.0886542, 0.0931435, 0.519306
1827, 60.9275, 0.984312, 1, 0.223612, 0.151919, -0.962766, -0.174083, 0.255087, -0.951118, -2.15348, 41.9719, 300.938, 0.307497, -0.0259858, -0.0903917, 0.062536, 0.532689
1828, 60.9609, 0.98514, 1, 0.274876, 0.210611, -0.938129, -0.213707, 0.27738, -0.936691, -2.99275, 40.0962, 299.02, 0.291773, -0.0151316, -0.0936927, 0.0644623, 0.56509
2297, 76.6099, 0.974599, 1, 0.219425, 0.17933, -0.959006, -0.163305, 0.208084, -0.964382, -0.481465, 39.0687, 298.586, 0.247304, -0.0512339, -0.0533796, 0.0904428, 0.475451
2298, 76.6432, 0.973715, 1, 0.219151, 0.177595, -0.959392, -0.171336, 0.223887, -0.959436, -0.0381508, 39.4238, 298.796, 0.243626, -0.0535273, -0.0537292, 0.0898519, 0.479751
2299, 76.6766, 0.973032, 1, 0.215958, 0.171173, -0.961281, -0.16783, 0.212839, -0.962566, 0.427039, 39.6277, 299.362, 0.235453, -0.056754, -0.0557432, 0.0938576, 0.4621
2300, 76.71, 0.971491, 1, 0.203218, 0.181287, -0.962204, -0.155674, 0.208851, -0.965478, 0.740966, 39.4832, 297.99, 0.22996, -0.0564737, -0.0573411, 0.0955445, 0.459396
2301, 76.7433, 0.972789, 1, 0.217328, 0.186465, -0.958123, -0.162585, 0.217075, -0.96252, 0.985216, 39.7741, 298.849, 0.232876, -0.0576647, -0.0574774, 0.100703, 0.468299
2302, 76.7767, 0.973904, 1, 0.213796, 0.178573, -0.960418, -0.171453, 0.215412, -0.961354, 1.01522, 40.1619, 298.342, 0.244601, -0.05869, -0.0554066, 0.0944984, 0.47591
2303, 76.8101, 0.974687, 1, 0.210655, 0.18619, -0.959665, -0.170529, 0.220625, -0.960336, 0.969658, 40.1928, 297.252, 0.247457, -0.0595586, -0.0538845, 0.0955094, 0.484302
2304, 76.8434, 0.975982, 1, 0.210095, 0.187995, -0.959436, -0.182849, 0.211871, -0.96004, 1.00529, 40.147, 298.434, 0.23809, -0.0613155, -0.0538521, 0.0903142, 0.469704
2305, 76.8768, 0.975975, 1, 0.217766, 0.186009, -0.958112, -0.196814, 0.205076, -0.958753, 0.929267, 40.1096, 300.238, 0.232097, -0.0587588, -0.0541901, 0.0828753, 0.457615
2306, 76.9102, 0.975553, 1, 0.229238, 0.189616, -0.954723, -0.185914, 0.207721, -0.960358, 0.792912, 39.9173, 300.816, 0.226207, -0.0547735, -0.054262, 0.0911607, 0.454824
2307, 76.9435, 0.975758, 1, 0.234149, 0.197933, -0.951838, -0.186639, 0.214601, -0.958703, 0.714237, 39.7617, 300.969, 0.226147, -0.0529793, -0.0549596, 0.0920124, 0.46307
2308, 76.9769, 0.97417, 1, 0.234842, 0.194581, -0.952359, -0.181088, 0.218276, -0.958938, 0.598467, 39.8313, 300.534, 0.232606, -0.0514918, -0.0557048, 0.0930348, 0.470832
2309, 77.0103, 0.976741, 1, 0.228901, 0.196372, -0.953437, -0.1671, 0.215557, -0.962088, 0.389089, 40.0073, 298.637, 0.244871, -0.0491548, -0.0533548, 0.0939889, 0.484559
2310, 77.0436, 0.976053, 1, 0.233133, 0.204169, -0.95077, -0.16349, 0.222901, -0.961034, 0.325215, 40.1657, 298.078, 0.249634, -0.0493224, -0.0515865, 0.099276, 0.498184
2311, 77.077, 0.975156, 1, 0.238926, 0.196276, -0.950994, -0.167949, 0.214298, -0.962221, 0.369504, 40.2604, 297.947, 0.252534, -0.050478, -0.0504572, 0.100092, 0.494345
2312, 77.1104, 0.97411, 1, 0.231391, 0.19542, -0.953032, -0.165216, 0.217956, -0.961873, 0.42666, 40.3503, 297.885, 0.255395, -0.0518999, -0.0493363, 0.0990565, 0.499158
2313, 77.1437, 0.974534, 1, 0.218837, 0.197866, -0.955489, -0.16888, 0.221324, -0.960466, 0.481785, 40.2566, 297.168, 0.253386, -0.0521407, -0.0484861, 0.0911834, 0.500016
2314, 77.1771, 0.973403, 1, 0.234362, 0.192945, -0.95281, -0.165067, 0.214568, -0.96266, 0.618774, 40.4546, 297.674, 0.256289, -0.0553589, -0.0478764, 0.104995, 0.496212
2315, 77.2105, 0.973872, 1, 0.245261, 0.19935, -0.94874, -0.16981, 0.218579, -0.960931, 0.627285, 40.4661, 297.58, 0.257315, -0.0562408, -0.0473837, 0.110938, 0.502211
2316, 77.2438, 0.973546, 1, 0.222132, 0.203107, -0.953627, -0.168624, 0.222268, -0.960293, 0.592363, 40.4449, 297.887, 0.260719, -0.0556413, -0.0468352, 0.0968886, 0.5085
2317, 77.2772, 0.974207, 1, 0.241118, 0.204501, -0.948705, -0.18095, 0.217224, -0.959203, 0.571079, 40.4516, 298.733, 0.260811, -0.0554863, -0.0474925, 0.100149, 0.50815
2318, 77.3106, 0.974044, 1, 0.248331, 0.20506, -0.946722, -0.176684, 0.222015, -0.958901, 0.547495, 40.2453, 298.299, 0.257772, -0.0542825, -0.0484039, 0.106364, 0.507226
2319, 77.3439, 0.974691, 1, 0.229981, 0.197345, -0.952976, -0.186833, 0.222718, -0.956812, 0.658457, 40.3796, 300.306, 0.253142, -0.0545685, -0.0488718, 0.0893718, 0.497744
2320, 77.3773, 0.974165, 1, 0.224891, 0.199974, -0.953643, -0.180222, 0.221383, -0.958389, 0.661946, 39.9982, 298.857, 0.246567, -0.0526663, -0.0500282, 0.0900732, 0.492208
2321, 77.4107, 0.973443, 1, 0.221003, 0.193772, -0.95583, -0.189244, 0.223889, -0.956065, 0.688974, 39.9924, 299.821, 0.242913, -0.0517135, -0.050961, 0.0808047, 0.48529
2322, 77.444, 0.973174, 1, 0.22596, 0.194484, -0.954525, -0.200501, 0.219766, -0.954726, 0.643962, 39.9021, 299.664, 0.243306, -0.0512888, -0.0525428, 0.0762427, 0.484883
2323, 77.4774, 0.971506, 1, 0.212681, 0.169655, -0.962281, -0.226069, 0.218041, -0.949395, 0.484777, 39.4044, 297.693, 0.245767, -0.0496575, -0.0520265, 0.0512423, 0.474625
2324, 77.5108, 0.978747, 1, 0.240518, 0.186409, -0.952577, -0.191498, 0.212358, -0.958245, 0.273171, 38.7765, 296.66, 0.241539, -0.051718, -0.0533676, 0.0902985, 0.475804
2325, 77.5441, 0.97945, 1, 0.213164, 0.189614, -0.95844, -0.178908, 0.23678, -0.954949, 0.0218657, 38.6317, 298.253, 0.251857, -0.0481506, -0.0539058, 0.0758893, 0.499242
2563, 85.4854, 0.972139, 1, 0.238769, 0.184889, -0.953313, -0.148774, 0.22847, -0.962116, -1.14654, 35.0186, 297.819, 0.201069, -0.0287573, -0.100932, 0.0978766, 0.439207
2564, 85.5188, 0.97135, 1, 0.243677, 0.17758, -0.95346, -0.146427, 0.23164, -0.961718, -1.09334, 34.9765, 296.65, 0.197601, -0.0300692, -0.100745, 0.10492, 0.433826
2565, 85.5521, 0.972469, 1, 0.243862, 0.187582, -0.951496, -0.151783, 0.239846, -0.958872, -1.12033, 35.1327, 297.157, 0.199983, -0.02926, -0.100086, 0.101919, 0.445783
2566, 85.5855, 0.971982, 1, 0.240392, 0.177853, -0.954243, -0.148753, 0.232899, -0.961057, -1.06214, 35.1957, 296.885, 0.19786, -0.0304039, -0.100403, 0.102691, 0.435363
2567, 85.6189, 0.97176, 1, 0.229845, 0.181923, -0.956073, -0.146854, 0.232484, -0.961449, -1.03392, 35.4267, 297.573, 0.197885, -0.0316103, -0.100116, 0.0990533, 0.437223
2568, 85.6522, 0.971892, 1, 0.228685, 0.178593, -0.956978, -0.155385, 0.232034, -0.960217, -0.952545, 35.5375, 297.542, 0.199113, -0.0327151, -0.0999481, 0.0944513, 0.436878
2569, 85.6856, 0.97119, 1, 0.236177, 0.184766, -0.953982, -0.148396, 0.235389, -0.960505, -0.889239, 35.6375, 296.404, 0.202329, -0.0348271, -0.0997515, 0.106556, 0.443805
2570, 85.719, 0.97189, 1, 0.223259, 0.17425, -0.959058, -0.145845, 0.229738, -0.962263, -0.844073, 36.1034, 297.894, 0.203457, -0.0367191, -0.0991341, 0.101202, 0.436465
2571, 85.7523, 0.971876, 1, 0.225633, 0.163829, -0.960338, -0.161464, 0.237256, -0.957935, -0.880247, 36.2873, 297.917, 0.205118, -0.0366731, -0.0994305, 0.0938587, 0.437894
2572, 85.7857, 0.971528, 1, 0.217516, 0.177164, -0.959844, -0.153298, 0.23177, -0.960616, -0.941113, 36.4721, 297.775, 0.208245, -0.0365187, -0.0987094, 0.0940154, 0.444318
2573, 85.8191, 0.971281, 1, 0.161801, 0.153955, -0.97474, -0.14712, 0.228934, -0.96226, -0.945182, 37.2893, 302.273, 0.214787, -0.0353613, -0.0983746, 0.0588686, 0.436942
2574, 85.8524, 0.972149, 1, 0.205438, 0.156969, -0.966, -0.158544, 0.231467, -0.959837, -1.03616, 36.9311, 298.647, 0.214759, -0.0354558, -0.0983261, 0.0809697, 0.440216
2575, 85.8858, 0.972744, 1, 0.182149, 0.160408, -0.970099, -0.149819, 0.22713, -0.962271, -1.06427, 37.2886, 300.654, 0.216555, -0.0363091, -0.0980072, 0.0710774, 0.44095
2576, 85.9192, 0.971962, 1, 0.163047, 0.155993, -0.974208, -0.158327, 0.23225, -0.959683, -1.0615, 37.4797, 301.31, 0.218574, -0.037152, -0.0972354, 0.0564157, 0.444407
2577, 85.9525, 0.973359, 1, 0.155059, 0.157183, -0.975321, -0.156949, 0.240157, -0.957962, -1.03168, 37.7416, 301.728, 0.224376, -0.0388938, -0.0967924, 0.0548511, 0.455626
2578, 85.9859, 0.97557, 1, 0.14097, 0.147074, -0.979028, -0.148549, 0.233761, -0.960879, -1.08202, 37.964, 301.247, 0.231861, -0.0381476, -0.096705, 0.0497216, 0.45586
2579, 86.0193, 0.975141, 1, 0.126345, 0.147324, -0.980986, -0.145372, 0.229786, -0.962323, -1.09352, 37.9728, 301.106, 0.228354, -0.0358543, -0.0965547, 0.0408645, 0.45207
2580, 86.0526, 0.9761, 1, 0.132791, 0.145917, -0.980344, -0.14216, 0.225347, -0.963851, -1.18484, 37.9617, 301.225, 0.2263, -0.0334619, -0.0965357, 0.0426373, 0.446842
3081, 102.769, 0.980037, 1, -0.00562876, 0.0619633, -0.998063, -0.292331, 0.120139, -0.948741, -2.77229, 31.1118, 291.784, 0.190014, -0.043412, -0.0819096, -0.119567, 0.343866
3082, 102.803, 0.98043, 1, 0.000263529, 0.0637378, -0.997967, -0.290036, 0.12204, -0.949202, -2.80471, 31.2023, 291.766, 0.190944, -0.0427716, -0.0821025, -0.116011, 0.346206
3083, 102.836, 0.98089, 1, -0.000172296, 0.0638676, -0.997958, -0.294114, 0.121393, -0.94803, -2.80405, 31.2966, 291.58, 0.191915, -0.0432306, -0.081381, -0.117659, 0.347207
3084, 102.869, 0.981388, 1, -0.000781069, 0.0645119, -0.997917, -0.290052, 0.116866, -0.949849, -2.8197, 31.4061, 291.419, 0.192938, -0.0421888, -0.0811093, -0.117794, 0.345953
3085, 102.903, 0.980912, 1, 0.0104599, 0.0567109, -0.998336, -0.280257, 0.102737, -0.954411, -2.81568, 31.6292, 291.251, 0.193841, -0.0429211, -0.0805308, -0.106052, 0.334678
3086, 102.936, 0.983538, 1, 0.085931, 0.179179, -0.980056, -0.271675, 0.235383, -0.93316, -2.89583, 32.8631, 295.405, 0.206258, -0.0466621, -0.0827235, -0.0564581, 0.474319
3087, 102.97, 0.978896, 1, 0.25727, 0.256356, -0.931716, -0.182339, 0.285776, -0.940789, -2.23501, 33.984, 293.936, 0.220432, -0.0535066, -0.0776244, 0.115157, 0.539112
3088, 103.003, 0.97956, 1, 0.234317, 0.206852, -0.949899, -0.162498, 0.237154, -0.957785, -2.11359, 34.7938, 292.665, 0.22911, -0.0543115, -0.0739516, 0.108057, 0.494066
3089, 103.036, 0.979859, 1, 0.226182, 0.175317, -0.958178, -0.183939, 0.20848, -0.960574, -2.03686, 35.4086, 289.037, 0.241591, -0.0543528, -0.07357, 0.0920089, 0.476001
3090, 103.07, 0.978245, 1, 0.241624, 0.158601, -0.957321, -0.169369, 0.202399, -0.964546, -1.83103, 36.2734, 288.267, 0.247805, -0.0540633, -0.0735296, 0.108922, 0.469597
3091, 103.103, 0.976212, 1, 0.230427, 0.159907, -0.959861, -0.160657, 0.208834, -0.964665, -1.60565, 37.1792, 288.843, 0.250358, -0.0537882, -0.0729752, 0.107451, 0.47502
3092, 103.136, 0.975424, 1, 0.232117, 0.175378, -0.956747, -0.154008, 0.201096, -0.967389, -1.43449, 37.8876, 289.769, 0.257503, -0.0545582, -0.0716684, 0.113934, 0.485513
3093, 103.17, 0.974291, 1, 0.237658, 0.192222, -0.952139, -0.152705, 0.219686, -0.963545, -1.33687, 38.0183, 290.564, 0.24967, -0.0512482, -0.070682, 0.115551, 0.495114
3094, 103.203, 0.974403, 1, 0.257153, 0.186166, -0.948269, -0.165428, 0.227684, -0.95958, -1.30971, 38.3684, 294.203, 0.253233, -0.0454238, -0.0702979, 0.109885, 0.499281
3095, 103.236, 0.974484, 1, 0.246491, 0.177346, -0.95278, -0.158292, 0.221241, -0.962287, -1.29519, 38.3332, 294.954, 0.254237, -0.0414911, -0.0706998, 0.102638, 0.48957
3096, 103.27, 0.972316, 1, 0.247881, 0.18603, -0.950762, -0.168974, 0.217472, -0.961329, -1.17204, 38.5021, 296.068, 0.257983, -0.0408375, -0.0706517, 0.0967507, 0.493974
3097, 103.303, 0.972713, 1, 0.263127, 0.182985, -0.947249, -0.175195, 0.217382, -0.960235, -1.05859, 38.6676, 297.28, 0.257825, -0.0399853, -0.0712631, 0.100564, 0.490775
3098, 103.337, 0.972343, 1, 0.247949, 0.175187, -0.952802, -0.182355, 0.218073, -0.958744, -0.882899, 38.7394, 297.961, 0.258609, -0.0414329, -0.0712049, 0.0894411, 0.487146
3099, 103.37, 0.971885, 1, 0.232358, 0.165997, -0.95836, -0.18963, 0.215429, -0.95793, -0.757987, 38.8956, 298.833, 0.259214, -0.0420687, -0.071172, 0.0758044, 0.481092
3100, 103.403, 0.970329, 1, 0.251484, 0.18431, -0.95015, -0.189868, 0.215642, -0.957835, -0.63512, 39.0164, 299.49, 0.261391, -0.0434174, -0.0707606, 0.0894051, 0.492234
3101, 103.437, 0.970496, 1, 0.248858, 0.19387, -0.948939, -0.184903, 0.224221, -0.956836, -0.503628, 39.0227, 298.564, 0.256955, -0.0426386, -0.070513, 0.0924739, 0.497688
3102, 103.47, 0.968837, 1, 0.2383, 0.177748, -0.954787, -0.180994, 0.219024, -0.958786, -0.415306, 39.1773, 298.527, 0.256848, -0.0435525, -0.0698058, 0.0888983, 0.485599
3103, 103.503, 0.968709, 1, 0.239411, 0.176112, -0.954813, -0.17535, 0.217988, -0.96007, -0.382714, 39.3563, 298.128, 0.264409, -0.0452835, -0.0686398, 0.0934868, 0.492004
3104, 103.537, 0.969582, 1, 0.257571, 0.18643, -0.948104, -0.178219, 0.21841, -0.959445, -0.279585, 39.624, 298.748, 0.262471, -0.045929, -0.0679213, 0.104077, 0.496038
3105, 103.57, 0.968227, 1, 0.227666, 0.17297, -0.958254, -0.182261, 0.229325, -0.956133, -0.250131, 39.8343, 298.421, 0.267464, -0.0472578, -0.0671844, 0.0859687, 0.499469
3106, 103.604, 0.969973, 1, 0.229871, 0.175192, -0.957323, -0.159987, 0.247633, -0.955553, -0.276884, 40.456, 300.285, 0.283759, -0.0483565, -0.0682721, 0.0995758, 0.519187
3107, 103.637, 0.970018, 1, 0.22648, 0.168459, -0.959337, -0.177745, 0.272111, -0.945707, -0.330406, 40.8853, 302.1, 0.294146, -0.0481028, -0.0680097, 0.0850668, 0.537996
3108, 103.67, 0.972098, 1, 0.240752, 0.161795, -0.957006, -0.172082, 0.245912, -0.953895, -0.462404, 40.4215, 299.272, 0.298419, -0.0475085, -0.0681047, 0.0956039, 0.525667
3109, 103.704, 0.973277, 1, 0.256041, 0.1372, -0.95688, -0.192886, 0.212834, -0.95786, -0.452493, 40.065, 298.747, 0.294317, -0.0459715, -0.0675897, 0.0885932, 0.495351
3110, 103.737, 0.978107, 1, 0.256109, 0.139249, -0.956566, -0.194419, 0.224606, -0.954858, -0.425434, 40.013, 300.672, 0.298266, -0.0503859, -0.06803, 0.0907438, 0.510642
3111, 103.77, 0.981039, 1, 0.242415, 0.168073, -0.955503, -0.187808, 0.242797, -0.951723, -0.411612, 39.3921, 298.582, 0.282636, -0.0562887, -0.0689121, 0.0998797, 0.523071
3112, 103.804, 0.980525, 1, 0.212033, 0.1535, -0.965132, -0.186739, 0.258252, -0.947858, -0.444778, 39.1802, 297.178, 0.280693, -0.0581256, -0.0690783, 0.0863276, 0.524564
3113, 103.837, 0.980867, 1, 0.206427, 0.169839, -0.963609, -0.17924, 0.261323, -0.948464, -0.535623, 39.1648, 297.355, 0.276239, -0.0587896, -0.0697402, 0.0890456, 0.531558
3114, 103.87, 0.981009, 1, 0.190274, 0.17154, -0.966628, -0.163782, 0.240819, -0.956651, -0.613262, 39.0378, 297.217, 0.272516, -0.0587164, -0.0700714, 0.0876278, 0.517851
3115, 103.904, 0.980637, 1, 0.196051, 0.162201, -0.967086, -0.164414, 0.255325, -0.952773, -0.642002, 38.7743, 296.823, 0.266577, -0.0590216, -0.0703584, 0.0928208, 0.514549
3116, 103.937, 0.980796, 1, 0.195879, 0.15377, -0.968497, -0.153614, 0.249105, -0.956216, -0.653023, 38.6934, 297.419, 0.268919, -0.0593852, -0.0708286, 0.0980015, 0.508455
3117, 103.971, 0.980707, 1, 0.197734, 0.149215, -0.968832, -0.163886, 0.259287, -0.951794, -0.730679, 38.479, 297.089, 0.270267, -0.0578182, -0.0715037, 0.0923147, 0.514081
3118, 104.004, 0.980073, 1, 0.197016, 0.16016, -0.96723, -0.170993, 0.256718, -0.95124, -0.759437, 38.1763, 297.069, 0.263587, -0.0582151, -0.07209, 0.0894282, 0.512733
3282, 109.476, 0.987317, 1, 0.21579, 0.126539, -0.968206, -0.142188, 0.243537, -0.959413, -0.333534, 32.6431, 305.461, 0.257631, -0.0403972, -0.0738591, 0.0767168, 0.475815
3283, 109.509, 0.987837, 1, 0.215319, 0.127998, -0.968119, -0.143802, 0.24442, -0.958947, -0.551239, 32.4792, 305.152, 0.253083, -0.0388825, -0.0740773, 0.0736146, 0.472281
3284, 109.543, 0.987597, 1, 0.223601, 0.127702, -0.966279, -0.154256, 0.240535, -0.958305, -0.767861, 32.4434, 305.749, 0.252723, -0.0390697, -0.0749262, 0.0713239, 0.471144
3285, 109.576, 0.987962, 1, 0.227803, 0.127704, -0.965296, -0.153561, 0.246244, -0.956966, -0.862526, 32.4299, 305.487, 0.253957, -0.0404725, -0.0754142, 0.0771115, 0.474935
3286, 109.61, 0.98696, 1, 0.205587, 0.117419, -0.971569, -0.147449, 0.255355, -0.955538, -0.96383, 32.3943, 305.149, 0.249319, -0.0405739, -0.0753422, 0.0693123, 0.469616
3423, 114.181, 0.985274, 1, 0.196565, 0.139746, -0.970481, -0.1307, 0.246861, -0.960196, -4.30052, 33.3346, 298.962, 0.221241, -0.0370191, -0.101361, 0.0784267, 0.461608
3424, 114.214, 0.984199, 1, 0.185317, 0.140836, -0.972534, -0.146805, 0.256034, -0.955455, -3.06413, 33.3597, 299.676, 0.226254, -0.0579405, -0.0992192, 0.0888446, 0.471179
3425, 114.247, 0.984715, 1, 0.171423, 0.136946, -0.975633, -0.155939, 0.262962, -0.952121, -2.03124, 33.1761, 299.602, 0.224072, -0.071187, -0.0981209, 0.0932763, 0.47035
3426, 114.281, 0.984511, 1, 0.187004, 0.145703, -0.971494, -0.150222, 0.252435, -0.955882, -1.42144, 33.0311, 299.631, 0.223734, -0.079201, -0.0975805, 0.114156, 0.466275
3427, 114.314, 0.980784, 1, 0.169628, 0.168177, -0.971052, -0.125844, 0.239691, -0.962659, -1.19079, 32.766, 297.181, 0.189163, -0.0760628, -0.0988424, 0.123581, 0.432397
3428, 114.348, 0.980166, 1, 0.184335, 0.177887, -0.966632, -0.149401, 0.239016, -0.959453, -1.74829, 32.8496, 295.737, 0.194243, -0.0635511, -0.100267, 0.106451, 0.440972
3429, 114.381, 0.98147, 1, 0.205226, 0.193526, -0.95939, -0.158547, 0.259483, -0.952645, -2.67335, 32.536, 292.897, 0.195974, -0.0505131, -0.101583, 0.10217, 0.462361
3430, 114.414, 0.980781, 1, 0.213161, 0.199945, -0.956339, -0.18605, 0.272413, -0.944022, -3.66671, 32.5858, 292.899, 0.201955, -0.0350799, -0.102159, 0.0733971, 0.480979
