1444, 24.0741, 0.964319, 1, -0.0172235, 0.244757, -0.969431, -0.212382, 0.287963, -0.933794, 30.4907, 14.774, 437.564, 0.0847596, 0.287886, 0.107362, -0.477074, 0.375814
1445, 24.0907, 0.963521, 1, -0.012487, 0.25041, -0.968059, -0.222233, 0.289554, -0.931005, 30.6573, 14.8372, 437.636, 0.0866959, 0.286407, 0.107773, -0.47912, 0.382006
1446, 24.1074, 0.963093, 1, -0.0110701, 0.258482, -0.965953, -0.223816, 0.292199, -0.929799, 30.669, 14.861, 437.715, 0.0851684, 0.287371, 0.109018, -0.481955, 0.386529
1447, 24.1241, 0.957924, 1, -0.00854371, 0.261023, -0.965295, -0.240845, 0.286977, -0.927167, 30.7776, 14.9672, 437.966, 0.0875015, 0.287612, 0.109229, -0.48968, 0.387319
1448, 24.1408, 0.958037, 1, 0.00315721, 0.260664, -0.965424, -0.237558, 0.296195, -0.925113, 30.8357, 14.9922, 437.663, 0.0887284, 0.288808, 0.109076, -0.484033, 0.393915
1449, 24.1575, 0.959199, 1, 0.00190086, 0.261038, -0.965327, -0.244893, 0.290615, -0.92497, 30.9164, 15.0173, 437.323, 0.0889319, 0.288465, 0.109223, -0.48795, 0.391319
1450, 24.1742, 0.958393, 1, 0.00244883, 0.258163, -0.966098, -0.238862, 0.298668, -0.923982, 31.0267, 15.0872, 437.65, 0.0878394, 0.288508, 0.110251, -0.485286, 0.392947
1451, 24.1908, 0.955795, 1, -0.00282503, 0.255193, -0.966886, -0.233277, 0.296835, -0.925997, 31.1879, 15.1354, 437.852, 0.0869503, 0.288852, 0.110016, -0.484881, 0.389168
1452, 24.2075, 0.957967, 1, 0.00316612, 0.251468, -0.967861, -0.247082, 0.291597, -0.924079, 31.2617, 15.1309, 437.907, 0.0879632, 0.288175, 0.109916, -0.487548, 0.385429
1453, 24.2242, 0.955241, 1, 0.00430191, 0.250711, -0.968053, -0.241895, 0.290888, -0.925673, 31.4698, 15.21, 438.395, 0.0880341, 0.28872, 0.110614, -0.484924, 0.384344
1454, 24.2409, 0.956419, 1, 0.00483275, 0.259229, -0.965804, -0.235119, 0.299631, -0.92463, 31.5894, 15.1839, 437.863, 0.0863986, 0.287654, 0.110029, -0.481473, 0.392768
1455, 24.2576, 0.955001, 1, 0.00457, 0.255157, -0.966889, -0.235413, 0.295453, -0.925899, 31.6563, 15.2042, 438.018, 0.0871391, 0.28887, 0.109155, -0.482199, 0.388782
1456, 24.2743, 0.955684, 1, 0.0032342, 0.261041, -0.965322, -0.228034, 0.298492, -0.92677, 31.7689, 15.2193, 437.99, 0.087357, 0.287377, 0.108322, -0.477955, 0.393924
1457, 24.2909, 0.955611, 1, 0.00450782, 0.25876, -0.965931, -0.230726, 0.301943, -0.924984, 31.8731, 15.2907, 437.899, 0.0882216, 0.28619, 0.108203, -0.477576, 0.395366
1458, 24.3076, 0.955954, 1, 0.00480574, 0.258893, -0.965894, -0.229655, 0.301671, -0.92534, 31.902, 15.3226, 438.172, 0.087486, 0.285685, 0.1089, -0.476204, 0.394248
1459, 24.3243, 0.95553, 1, 0.00577932, 0.249293, -0.968411, -0.231341, 0.298575, -0.925924, 32.0084, 15.4095, 438.028, 0.0895332, 0.284709, 0.108084, -0.47403, 0.388883
1460, 24.341, 0.953035, 1, 0.00883991, 0.233716, -0.972265, -0.249836, 0.259807, -0.932782, 32.0593, 15.5837, 438.863, 0.0888096, 0.287852, 0.109263, -0.481067, 0.356851
1461, 24.3577, 0.955453, 1, 0.0116265, 0.237352, -0.971354, -0.252743, 0.25927, -0.932148, 32.037, 15.6081, 438.594, 0.0913853, 0.288305, 0.109111, -0.482049, 0.3612
1462, 24.3744, 0.955421, 1, 0.0114734, 0.232501, -0.972528, -0.248806, 0.261778, -0.932506, 32.0511, 15.6894, 438.683, 0.0924969, 0.288347, 0.108027, -0.479684, 0.360948
1463, 24.391, 0.958005, 1, 0.0155448, 0.240047, -0.970637, -0.236191, 0.285603, -0.928787, 31.9912, 15.7231, 438.452, 0.0926527, 0.28433, 0.107262, -0.469182, 0.379351
1464, 24.4077, 0.960868, 1, 0.0155628, 0.246999, -0.968891, -0.230494, 0.296907, -0.926671, 31.8975, 15.7992, 438.064, 0.0935554, 0.283683, 0.106504, -0.466262, 0.390733
1465, 24.4244, 0.96027, 1, 0.0234067, 0.247789, -0.968531, -0.237034, 0.292164, -0.926528, 31.8498, 15.9153, 438.09, 0.0946707, 0.283431, 0.104415, -0.464963, 0.390193
1466, 24.4411, 0.960647, 1, 0.0403334, 0.243392, -0.969089, -0.243009, 0.292704, -0.924809, 31.7334, 16.0242, 437.619, 0.0972607, 0.285031, 0.102898, -0.460731, 0.391027
1467, 24.4578, 0.958859, 1, 0.0257299, 0.2489, -0.968187, -0.257389, 0.294924, -0.920201, 31.7211, 16.204, 437.759, 0.0987993, 0.283784, 0.102031, -0.474899, 0.397322
1468, 24.4745, 0.957316, 1, 0.0253478, 0.232031, -0.972378, -0.270721, 0.291132, -0.91758, 31.7059, 16.5154, 438.724, 0.101867, 0.28553, 0.102351, -0.482895, 0.388794
1469, 24.4911, 0.961711, 1, 0.0265656, 0.203938, -0.978623, -0.331048, 0.312819, -0.890254, 31.6679, 16.8848, 440.639, 0.109459, 0.291, 0.101064, -0.522143, 0.395568
1470, 24.5078, 0.960555, 1, 0.0280256, 0.214125, -0.976404, -0.344353, 0.322101, -0.881857, 31.6637, 17.0513, 442.908, 0.111296, 0.300312, 0.0996404, -0.542532, 0.41042
1471, 24.5245, 0.959567, 1, 0.0303766, 0.208758, -0.977495, -0.330575, 0.321077, -0.887485, 31.6268, 17.1396, 443.499, 0.112414, 0.303573, 0.0975944, -0.536589, 0.407246
1472, 24.5412, 0.957259, 1, 0.0215898, 0.210952, -0.977258, -0.340547, 0.331777, -0.879745, 31.5092, 17.046, 442.487, 0.107461, 0.301167, 0.0982446, -0.545204, 0.410989
1473, 24.5579, 0.9594, 1, 0.00973503, 0.226911, -0.973867, -0.366724, 0.312539, -0.876261, 31.3702, 16.8728, 440.777, 0.109075, 0.294517, 0.0964485, -0.55719, 0.411685
1474, 24.5746, 0.968107, 1, -0.00415349, 0.209991, -0.977695, -0.351083, 0.294093, -0.88896, 31.2056, 16.6294, 439.51, 0.110736, 0.293165, 0.0953838, -0.549581, 0.39124
1475, 24.5912, 0.957838, 1, 0.0242047, 0.19431, -0.980641, -0.291713, 0.285632, -0.912863, 30.9245, 16.3097, 437.15, 0.121155, 0.294511, 0.0925203, -0.502815, 0.385331
1476, 24.6079, 0.961891, 1, 0.0655424, 0.221213, -0.973021, -0.20145, 0.265357, -0.94287, 30.8783, 16.0883, 435.614, 0.115632, 0.291513, 0.0919046, -0.428512, 0.381197
1477, 24.6246, 0.963937, 1, 0.0930111, 0.229672, -0.968814, -0.201729, 0.282725, -0.937748, 30.6923, 15.9132, 433.753, 0.117329, 0.287157, 0.0920584, -0.411374, 0.398043
1478, 24.6413, 0.965929, 1, 0.0755192, 0.210424, -0.974689, -0.196926, 0.261948, -0.944777, 30.4724, 15.8415, 432.376, 0.119592, 0.288423, 0.0907555, -0.415708, 0.378132
1479, 24.658, 0.964976, 1, 0.0570921, 0.177395, -0.982482, -0.184554, 0.236681, -0.953898, 30.3343, 15.8193, 431.599, 0.124453, 0.290093, 0.0888533, -0.415408, 0.349957
1480, 24.6747, 0.960575, 1, 0.0639295, 0.162598, -0.984619, -0.175249, 0.234822, -0.95611, 30.1156, 15.8556, 431.69, 0.128848, 0.296054, 0.0872215, -0.412824, 0.344829
1481, 24.6913, 0.959729, 1, 0.0688374, 0.160593, -0.984617, -0.156584, 0.184991, -0.970185, 29.9984, 15.9551, 432.038, 0.135096, 0.302506, 0.0842871, -0.404033, 0.321819
1482, 24.708, 0.956763, 1, 0.0767149, 0.145383, -0.986397, -0.156816, 0.170773, -0.972751, 29.874, 15.9602, 431.406, 0.135858, 0.301302, 0.0833228, -0.396032, 0.306842
1483, 24.7247, 0.955961, 1, 0.0728808, 0.143178, -0.98701, -0.150409, 0.159486, -0.975675, 29.7545, 16.0567, 431.065, 0.134589, 0.300601, 0.0834885, -0.392598, 0.298243
1484, 24.7414, 0.954936, 1, 0.0629723, 0.16152, -0.984858, -0.147095, 0.172462, -0.973971, 29.694, 16.1982, 431.185, 0.140712, 0.306985, 0.0819984, -0.405533, 0.320213
1485, 24.7581, 0.955111, 1, 0.0569169, 0.159445, -0.985565, -0.14734, 0.174978, -0.973485, 29.6322, 16.23, 431.521, 0.13998, 0.308612, 0.082308, -0.410739, 0.319463
1486, 24.7748, 0.954452, 1, 0.0518598, 0.16795, -0.98443, -0.148011, 0.180572, -0.972361, 29.5889, 16.3659, 431.343, 0.143279, 0.309585, 0.0816222, -0.415747, 0.330115
1487, 24.7914, 0.950821, 1, 0.0523397, 0.165994, -0.984737, -0.145502, 0.170809, -0.974502, 29.5163, 16.4978, 430.737, 0.144112, 0.309078, 0.080451, -0.411782, 0.32451
1488, 24.8081, 0.951936, 1, 0.0478786, 0.163175, -0.985435, -0.153729, 0.183128, -0.970995, 29.5109, 16.6428, 430.746, 0.145459, 0.308369, 0.0807785, -0.418245, 0.331002
1489, 24.8248, 0.952795, 1, 0.0376763, 0.143101, -0.988991, -0.15052, 0.194378, -0.96931, 29.5334, 16.9657, 430.5, 0.141156, 0.300452, 0.0809971, -0.410886, 0.32312
1490, 24.8415, 0.959758, 1, 0.0633326, 0.165882, -0.98411, -0.151681, 0.229401, -0.961441, 29.6464, 17.4729, 431.996, 0.139754, 0.300176, 0.0814447, -0.403301, 0.353826
1491, 24.8582, 0.96281, 1, 0.0257722, 0.173472, -0.984502, -0.185383, 0.257078, -0.948443, 29.8115, 17.954, 432.069, 0.129914, 0.287599, 0.0840031, -0.426282, 0.364666
1492, 24.8749, 0.953702, 1, 0.0470666, 0.181427, -0.982277, -0.19593, 0.269888, -0.942747, 29.89, 18.571, 433.686, 0.131938, 0.286331, 0.0845354, -0.421818, 0.378036
1493, 24.8915, 0.94822, 1, 0.0573029, 0.211208, -0.97576, -0.215701, 0.285487, -0.933793, 29.8964, 19.0079, 434.421, 0.134978, 0.290503, 0.0827207, -0.436204, 0.406863
1494, 24.9082, 0.952233, 1, 0.0451058, 0.2276, -0.97271, -0.235678, 0.295653, -0.925767, 29.8184, 19.364, 434.173, 0.136396, 0.289522, 0.0821698, -0.454549, 0.424098
1495, 24.9249, 0.952974, 1, 0.0619109, 0.221893, -0.973104, -0.230835, 0.296709, -0.92665, 29.8446, 19.7224, 434.648, 0.140109, 0.289389, 0.0809435, -0.442316, 0.424714
1496, 24.9416, 0.954962, 1, 0.0749097, 0.212933, -0.974191, -0.228377, 0.294534, -0.927951, 29.8501, 20.028, 435.009, 0.14126, 0.288679, 0.0791687, -0.432141, 0.419651
1497, 24.9583, 0.953566, 1, 0.0642528, 0.220117, -0.973355, -0.237178, 0.295173, -0.925537, 29.8168, 20.2613, 435.022, 0.143397, 0.289447, 0.0788144, -0.444393, 0.426259
1498, 24.975, 0.95539, 1, 0.0746116, 0.213336, -0.974126, -0.238407, 0.296976, -0.924644, 29.7807, 20.525, 434.622, 0.146727, 0.288736, 0.0776792, -0.438164, 0.426946
1499, 24.9916, 0.956047, 1, 0.0557166, 0.201257, -0.977953, -0.249616, 0.297057, -0.921656, 29.7641, 20.7374, 435.164, 0.150707, 0.291365, 0.0754794, -0.456905, 0.424627
1500, 25.0083, 0.957167, 1, 0.0617674, 0.209767, -0.975798, -0.257183, 0.298109, -0.919232, 29.6625, 20.8566, 434.628, 0.151729, 0.291282, 0.0749413, -0.458582, 0.431444
1501, 25.025, 0.95627, 1, 0.0601812, 0.204095, -0.9771, -0.25134, 0.298103, -0.920849, 29.5991, 20.9973, 434.686, 0.151714, 0.292708, 0.0744543, -0.457233, 0.427953
1502, 25.0417, 0.955234, 1, 0.0598961, 0.200588, -0.977843, -0.247075, 0.300267, -0.9213, 29.5442, 21.2138, 434.974, 0.153697, 0.294189, 0.0733523, -0.45689, 0.428965
1503, 25.0584, 0.956879, 1, 0.0557813, 0.198555, -0.978501, -0.24564, 0.301262, -0.921359, 29.5353, 21.2238, 434.878, 0.152751, 0.295801, 0.0725424, -0.459961, 0.427574
1504, 25.0751, 0.958874, 1, 0.0651401, 0.186033, -0.980382, -0.248457, 0.300757, -0.920768, 29.5202, 21.4513, 435.629, 0.154771, 0.295375, 0.0712412, -0.455204, 0.422302
1505, 25.0917, 0.959623, 1, 0.0756673, 0.176902, -0.981316, -0.245218, 0.301648, -0.921345, 29.512, 21.6617, 435.593, 0.154164, 0.294543, 0.0709624, -0.445844, 0.416853
1506, 25.1084, 0.960258, 1, 0.0702656, 0.197071, -0.977868, -0.237305, 0.309841, -0.920698, 29.4975, 21.6633, 434.836, 0.157347, 0.294678, 0.0714468, -0.446731, 0.435461
1507, 25.1251, 0.957843, 1, 0.0532901, 0.193447, -0.979662, -0.221757, 0.311204, -0.924108, 29.5023, 21.7946, 434.543, 0.156972, 0.29316, 0.0720929, -0.444521, 0.432897
1508, 25.1418, 0.95631, 1, 0.0693294, 0.198081, -0.977731, -0.225717, 0.312354, -0.92276, 29.4639, 21.8779, 434.282, 0.159471, 0.292832, 0.0715299, -0.438765, 0.438393
1509, 25.1585, 0.953425, 1, 0.0815552, 0.189701, -0.978449, -0.233728, 0.308468, -0.922073, 29.4843, 22.0193, 434.816, 0.158798, 0.295799, 0.0702693, -0.438816, 0.431313
1510, 25.1752, 0.954904, 1, 0.0672251, 0.188018, -0.979862, -0.231254, 0.30833, -0.922743, 29.4392, 22.0405, 434.105, 0.160907, 0.294118, 0.0695418, -0.44309, 0.432286
1511, 25.1918, 0.955745, 1, 0.0653238, 0.182115, -0.981105, -0.237563, 0.308684, -0.92102, 29.3787, 22.125, 433.918, 0.160925, 0.292916, 0.068214, -0.445169, 0.429727
1512, 25.2085, 0.9564, 1, 0.0878357, 0.177979, -0.980106, -0.239011, 0.310276, -0.92011, 29.3888, 22.1493, 434.076, 0.162353, 0.295828, 0.0665786, -0.437465, 0.429878
1513, 25.2252, 0.955543, 1, 0.0647794, 0.16842, -0.983585, -0.240739, 0.306879, -0.920799, 29.336, 22.2254, 433.617, 0.159997, 0.292894, 0.0668672, -0.445376, 0.420187
1514, 25.2419, 0.956437, 1, 0.0916952, 0.162881, -0.982376, -0.241618, 0.307531, -0.920351, 29.1953, 22.2572, 434.059, 0.159737, 0.296308, 0.0656966, -0.435605, 0.417759
1515, 25.2586, 0.958816, 1, 0.0817698, 0.165682, -0.982783, -0.240005, 0.309985, -0.919949, 29.192, 22.2434, 433.642, 0.159894, 0.295624, 0.0652959, -0.439363, 0.42082
1516, 25.2753, 0.957527, 1, 0.103836, 0.165075, -0.9808, -0.227161, 0.313516, -0.922012, 29.1218, 22.2472, 434.056, 0.161457, 0.297046, 0.0639679, -0.422952, 0.423612
1517, 25.2919, 0.95734, 1, 0.110016, 0.167052, -0.979791, -0.227864, 0.314697, -0.921436, 28.9863, 22.1896, 434.035, 0.162341, 0.299209, 0.0639486, -0.422915, 0.426306
1518, 25.3086, 0.958008, 1, 0.056347, 0.16006, -0.985498, -0.223055, 0.305793, -0.925601, 28.9554, 22.1129, 433.13, 0.159828, 0.293647, 0.0647858, -0.439897, 0.414942
1519, 25.3253, 0.961012, 1, 0.0654219, 0.186575, -0.98026, -0.216679, 0.285061, -0.933697, 28.742, 21.7672, 431.799, 0.165062, 0.296767, 0.062987, -0.435894, 0.423136
2208, 36.8201, 0.937443, 1, 0.0130386, 0.2, -0.979709, -0.369603, 0.27325, -0.888104, 24.389, 18.7636, 438.292, 0.203457, 0.436816, 0.0398927, -0.715014, 0.492224
2209, 36.8368, 0.937623, 1, -0.0570045, 0.221339, -0.973529, -0.35721, 0.2526, -0.899219, 25.4284, 21.005, 438.849, 0.21887, 0.411525, 0.0268643, -0.716447, 0.50927
2210, 36.8535, 0.942171, 1, 0.00125317, 0.196924, -0.980418, -0.342162, 0.209955, -0.915884, 26.4023, 23.499, 437.533, 0.270451, 0.400737, 0.0032392, -0.662658, 0.512246
2211, 36.8702, 0.926735, 1, 0.00070088, 0.200047, -0.979786, -0.368904, 0.208163, -0.905858, 28.0937, 25.5492, 439.025, 0.299954, 0.378073, -0.00881249, -0.657355, 0.542259
2212, 36.8869, 0.907195, 1, -0.027809, 0.203728, -0.978633, -0.285262, 0.256255, -0.923558, 29.4951, 27.0777, 438.577, 0.298806, 0.348521, -0.00232261, -0.596886, 0.561628
2213, 36.9035, 0.903155, 1, -0.0167753, 0.21132, -0.977273, -0.356127, 0.30151, -0.884458, 30.3119, 28.5109, 440.332, 0.31334, 0.351644, -0.00382517, -0.646875, 0.613997
2214, 36.9202, 0.893558, 1, -0.0790867, 0.226134, -0.97088, -0.271306, 0.303062, -0.913535, 30.9836, 29.0121, 437.717, 0.302005, 0.322258, 0.00359672, -0.593457, 0.601849
2215, 36.9369, 0.886101, 1, -0.0461295, 0.195813, -0.979556, -0.264905, 0.31993, -0.909654, 31.4933, 29.2005, 438.21, 0.30407, 0.322479, 9.74619e-05, -0.568358, 0.590873
2216, 36.9536, 0.89308, 1, -0.0658204, 0.179898, -0.981481, -0.220693, 0.261156, -0.93973, 31.6365, 28.8728, 436.236, 0.300215, 0.317066, 0.00282562, -0.539084, 0.540427
2217, 36.9703, 0.893994, 1, -0.00853722, 0.181687, -0.983319, -0.214684, 0.277226, -0.936513, 31.554, 28.4786, 436.271, 0.308093, 0.322166, 0.00335679, -0.516274, 0.557608
2218, 36.987, 0.912711, 1, 0.0157302, 0.197224, -0.980232, -0.234824, 0.265673, -0.935027, 31.3357, 27.4352, 435.337, 0.296169, 0.319061, 0.00973447, -0.509968, 0.548073
2219, 37.0036, 0.922522, 1, 0.0314048, 0.162147, -0.986267, -0.218591, 0.285474, -0.933125, 31.0224, 25.9139, 435.749, 0.270456, 0.316938, 0.0178064, -0.485872, 0.513398
2220, 37.0203, 0.923541, 1, 0.00734664, 0.0877343, -0.996117, -0.224209, 0.275597, -0.93476, 30.637, 24.2281, 433.981, 0.255342, 0.317532, 0.0278003, -0.49319, 0.451288
2221, 37.037, 0.921446, 1, 0.0208208, 0.141936, -0.989657, -0.217242, 0.247531, -0.944211, 30.2269, 22.1997, 430.428, 0.237664, 0.312489, 0.0405201, -0.476345, 0.446805
2222, 37.0537, 0.931076, 1, 0.0315555, 0.163366, -0.986061, -0.185651, 0.244182, -0.951792, 29.6339, 20.2144, 428.112, 0.223304, 0.314676, 0.0498161, -0.458337, 0.441461
2223, 37.0704, 0.930915, 1, 0.0407124, 0.169357, -0.984714, -0.182231, 0.21385, -0.959719, 29.3533, 18.5667, 427.958, 0.204719, 0.316193, 0.0573962, -0.450675, 0.409052
2224, 37.0871, 0.930361, 1, 0.0301875, 0.151869, -0.987939, -0.152471, 0.22119, -0.963238, 29.0794, 17.151, 427.065, 0.197386, 0.315699, 0.0613776, -0.439117, 0.395634
2225, 37.1037, 0.932833, 1, 0.0263901, 0.141715, -0.989556, -0.148381, 0.208963, -0.966601, 28.7888, 15.9028, 425.88, 0.188562, 0.313273, 0.0686826, -0.433813, 0.374654
2226, 37.1204, 0.923422, 1, 0.0257737, 0.165563, -0.985862, -0.130864, 0.184887, -0.974008, 28.5017, 15.138, 424.522, 0.191495, 0.31946, 0.0725641, -0.43206, 0.377045
2227, 37.1371, 0.924331, 1, 0.0280453, 0.173223, -0.984483, -0.136201, 0.180939, -0.974018, 28.6758, 14.9683, 425.351, 0.193051, 0.322164, 0.0753912, -0.437376, 0.379963
2228, 37.1538, 0.925143, 1, 0.0141253, 0.176672, -0.984168, -0.136633, 0.192677, -0.971703, 28.8056, 15.2725, 425.721, 0.203835, 0.327631, 0.0753414, -0.452828, 0.398327
2229, 37.1705, 0.928782, 1, 0.0121442, 0.167613, -0.985778, -0.1573, 0.165129, -0.973647, 28.8577, 15.9195, 425.005, 0.211457, 0.324544, 0.0780611, -0.457236, 0.386137
2230, 37.1872, 0.923951, 1, 0.0137437, 0.169274, -0.985473, -0.145721, 0.138013, -0.979652, 29.0017, 17.0328, 425.119, 0.229559, 0.326727, 0.0734627, -0.450564, 0.38947
2231, 37.2038, 0.920766, 1, 0.0110532, 0.178145, -0.983942, -0.154579, 0.119189, -0.980765, 29.2933, 18.2401, 426.039, 0.248558, 0.331156, 0.0674497, -0.461776, 0.402598
2232, 37.2205, 0.918953, 1, 0.0188692, 0.173985, -0.984567, -0.146683, 0.117682, -0.982158, 29.4967, 19.3966, 426.938, 0.269309, 0.338102, 0.0597113, -0.462215, 0.419495
2233, 37.2372, 0.906012, 1, 0.0198402, 0.174884, -0.984389, -0.158894, 0.106019, -0.981587, 29.7525, 20.432, 427.699, 0.281264, 0.340281, 0.0533958, -0.470296, 0.425944
2234, 37.2539, 0.901875, 1, 0.0334882, 0.169002, -0.985047, -0.159732, 0.125719, -0.979122, 30.0711, 21.2714, 428.983, 0.295269, 0.344896, 0.0457483, -0.471158, 0.447233
2235, 37.2706, 0.894339, 1, 0.0346766, 0.170039, -0.984827, -0.161613, 0.135153, -0.977556, 30.3064, 21.93, 430.201, 0.309322, 0.354563, 0.0377313, -0.484003, 0.466553
2236, 37.2873, 0.899536, 1, 0.0328949, 0.165588, -0.985646, -0.157072, 0.136627, -0.978091, 30.4107, 22.1534, 431.553, 0.312886, 0.357743, 0.0342496, -0.485878, 0.46846
2237, 37.3039, 0.890998, 1, 0.0272191, 0.167605, -0.985478, -0.156867, 0.135289, -0.97831, 30.4175, 22.041, 431.506, 0.310663, 0.359765, 0.0349616, -0.491537, 0.467432
2238, 37.3206, 0.907923, 1, 0.0341015, 0.172776, -0.984371, -0.153567, 0.12873, -0.979717, 30.4683, 21.6265, 431.395, 0.308019, 0.362145, 0.034814, -0.487898, 0.463486
2239, 37.3373, 0.915794, 1, 0.0485735, 0.183675, -0.981786, -0.154739, 0.156333, -0.975508, 30.4107, 20.9074, 430.731, 0.295997, 0.360248, 0.0398252, -0.482021, 0.473919
2240, 37.354, 0.928848, 1, 0.0323671, 0.202933, -0.978657, -0.1425, 0.162736, -0.976325, 30.2389, 19.9451, 429.644, 0.285481, 0.36198, 0.0456565, -0.488697, 0.478389
2241, 37.3707, 0.93226, 1, 0.0296522, 0.207854, -0.97771, -0.149885, 0.169844, -0.974006, 30.2468, 18.957, 428.999, 0.275819, 0.359329, 0.0510141, -0.491966, 0.475884
2242, 37.3874, 0.934968, 1, 0.0233794, 0.212759, -0.976825, -0.146085, 0.156072, -0.976883, 30.2738, 17.9623, 428.714, 0.261077, 0.354553, 0.0589705, -0.486118, 0.45636
2243, 37.404, 0.939611, 1, 0.0204022, 0.20325, -0.978914, -0.146153, 0.164592, -0.975474, 30.3298, 17.1154, 428.596, 0.249574, 0.35087, 0.0653078, -0.483181, 0.444378
2244, 37.4207, 0.941972, 1, 0.032836, 0.216841, -0.975654, -0.151355, 0.187735, -0.970488, 30.4994, 16.3677, 428.243, 0.235044, 0.346523, 0.0710797, -0.478259, 0.451374
2245, 37.4374, 0.939681, 1, 0.0226839, 0.207167, -0.978043, -0.159348, 0.194919, -0.967789, 30.7205, 15.8083, 427.966, 0.229443, 0.344368, 0.0742181, -0.485364, 0.444319
2246, 37.4541, 0.938609, 1, 0.0204755, 0.204202, -0.978715, -0.148886, 0.207961, -0.966739, 30.8266, 15.394, 428.211, 0.220942, 0.34421, 0.0776564, -0.481309, 0.441881
2247, 37.4708, 0.937969, 1, 0.0296946, 0.210903, -0.977056, -0.145532, 0.207223, -0.967408, 31.0576, 15.1028, 428.469, 0.214068, 0.342375, 0.0803049, -0.473074, 0.438479
2248, 37.4875, 0.938787, 1, 0.0303173, 0.213906, -0.976384, -0.138603, 0.208156, -0.968225, 31.2841, 15.0121, 428.345, 0.214936, 0.342297, 0.0805302, -0.469799, 0.441575
2249, 37.5041, 0.938344, 1, 0.0289584, 0.212995, -0.976624, -0.138161, 0.208188, -0.968282, 31.4635, 14.9328, 428.647, 0.213399, 0.344324, 0.0823278, -0.472661, 0.439074
2250, 37.5208, 0.937056, 1, 0.0270927, 0.208082, -0.977736, -0.1408, 0.213594, -0.966723, 31.6899, 14.9503, 428.857, 0.212559, 0.34236, 0.0838349, -0.47294, 0.438313
2251, 37.5375, 0.937707, 1, 0.0209415, 0.203094, -0.978935, -0.143468, 0.209619, -0.9672, 31.8933, 14.9168, 429.619, 0.207986, 0.341583, 0.0862418, -0.475848, 0.428322
2252, 37.5542, 0.934556, 1, 0.0189789, 0.200998, -0.979408, -0.14962, 0.206277, -0.966987, 32.0945, 15.0088, 430.623, 0.206672, 0.343603, 0.0870171, -0.481636, 0.423369
2253, 37.5709, 0.940887, 1, 0.0499629, 0.207676, -0.976921, -0.16391, 0.234709, -0.958147, 32.3469, 15.2688, 433.203, 0.19791, 0.341235, 0.0882748, -0.475708, 0.435911
2254, 37.5876, 0.946835, 1, 0.0563646, 0.252889, -0.965852, -0.181082, 0.269691, -0.945767, 32.681, 15.409, 435.163, 0.185571, 0.33514, 0.0928802, -0.482979, 0.469435
2255, 37.6042, 0.938677, 1, 0.0206683, 0.215904, -0.976196, -0.238694, 0.284314, -0.928542, 32.9328, 15.584, 435.452, 0.165633, 0.31643, 0.102527, -0.509149, 0.437154
2256, 37.6209, 0.930143, 1, 0.00546588, 0.223522, -0.974684, -0.244866, 0.282843, -0.927384, 33.1404, 15.6809, 435.316, 0.148789, 0.302233, 0.109306, -0.503597, 0.421906
2257, 37.6376, 0.927872, 1, -0.00933299, 0.239813, -0.970774, -0.241494, 0.274232, -0.930848, 33.2666, 15.6382, 434.712, 0.13874, 0.289389, 0.114872, -0.494487, 0.415168
2258, 37.6543, 0.931018, 1, -0.0129023, 0.239955, -0.970698, -0.246842, 0.273975, -0.929519, 33.4631, 15.5978, 435.204, 0.136793, 0.28781, 0.11583, -0.497973, 0.413245
2259, 37.671, 0.929341, 1, 0.000778661, 0.252105, -0.9677, -0.241429, 0.277247, -0.929971, 33.6022, 15.5597, 435.641, 0.137671, 0.288297, 0.115425, -0.490917, 0.42293
2260, 37.6877, 0.930732, 1, 0.00143819, 0.250944, -0.968, -0.237907, 0.276889, -0.930985, 33.8151, 15.5293, 435.666, 0.134376, 0.285054, 0.116086, -0.484603, 0.418638
2261, 37.7043, 0.9308, 1, -0.000125726, 0.221623, -0.975132, -0.233572, 0.281625, -0.930662, 34.0568, 15.5029, 436.73, 0.135449, 0.288649, 0.115305, -0.484865, 0.405367
2262, 37.721, 0.934449, 1, 0.00567291, 0.259293, -0.965782, -0.229607, 0.275859, -0.933372, 34.2201, 15.4761, 436.887, 0.131347, 0.283589, 0.116633, -0.477729, 0.419537
2263, 37.7377, 0.932874, 1, 0.00503207, 0.220107, -0.975463, -0.230909, 0.260786, -0.937375, 34.4023, 15.3865, 437.87, 0.126177, 0.28449, 0.118333, -0.47359, 0.382837
2264, 37.7544, 0.93755, 1, -0.00572264, 0.257434, -0.966279, -0.22878, 0.264871, -0.936752, 34.5293, 15.1978, 437.261, 0.119574, 0.277269, 0.119706, -0.473768, 0.400267
2265, 37.7711, 0.938102, 1, -0.00485025, 0.25728, -0.966325, -0.232051, 0.263118, -0.936441, 34.5918, 15.1734, 437.361, 0.116824, 0.275659, 0.11992, -0.472757, 0.396454
2266, 37.7878, 0.935736, 1, -0.0173838, 0.254261, -0.966979, -0.239322, 0.264554, -0.934203, 34.7403, 14.9982, 436.617, 0.111074, 0.269938, 0.120542, -0.475894, 0.389952
2267, 37.8044, 0.937729, 1, -0.0182582, 0.255219, -0.966711, -0.2403, 0.285762, -0.927683, 34.8404, 14.7773, 435.873, 0.104081, 0.267798, 0.122189, -0.476943, 0.396093
2268, 37.8211, 0.937898, 1, -0.0223915, 0.253324, -0.967122, -0.242743, 0.282758, -0.927968, 34.9208, 14.7206, 435.662, 0.106113, 0.265801, 0.121576, -0.477285, 0.395038
2269, 37.8378, 0.937444, 1, -0.0189382, 0.255329, -0.966669, -0.242203, 0.295501, -0.92413, 35.0788, 14.56, 435.728, 0.103653, 0.264492, 0.121792, -0.475893, 0.401142
2270, 37.8545, 0.935801, 1, 0.000162121, 0.256817, -0.96646, -0.252871, 0.297346, -0.920674, 35.2686, 14.5095, 436.682, 0.104501, 0.270652, 0.121152, -0.480457, 0.404451
2271, 37.8712, 0.934058, 1, 0.00254203, 0.251574, -0.967835, -0.237843, 0.296092, -0.925073, 35.3371, 14.4636, 436.789, 0.103363, 0.271937, 0.121457, -0.472578, 0.39935
2272, 37.8879, 0.937263, 1, 0.00622585, 0.254285, -0.967109, -0.243436, 0.286958, -0.926496, 35.5127, 14.3859, 436.073, 0.099202, 0.266637, 0.121282, -0.466233, 0.391722
2273, 37.9045, 0.935916, 1, 0.0035717, 0.252042, -0.96771, -0.250239, 0.295397, -0.92202, 35.6534, 14.3661, 436.389, 0.0995966, 0.268721, 0.121648, -0.474708, 0.395711
2274, 37.9212, 0.931904, 1, 0.00095847, 0.253283, -0.967392, -0.253379, 0.29609, -0.920939, 35.6799, 14.3693, 435.544, 0.098893, 0.266783, 0.122588, -0.475803, 0.396064
2275, 37.9379, 0.933216, 1, -0.000510532, 0.254225, -0.967145, -0.25269, 0.294215, -0.92173, 35.832, 14.3697, 435.737, 0.0993435, 0.266741, 0.122479, -0.476086, 0.3958
2276, 37.9546, 0.935119, 1, -0.00260131, 0.25474, -0.967006, -0.264717, 0.290029, -0.919678, 36.0071, 14.4654, 435.865, 0.0982514, 0.265919, 0.122105, -0.482766, 0.392878
2277, 37.9713, 0.936524, 1, -0.00394756, 0.256614, -0.966506, -0.265058, 0.290576, -0.919407, 36.054, 14.4838, 435.603, 0.0982161, 0.264324, 0.122794, -0.482048, 0.393918
2278, 37.988, 0.936384, 1, -0.00599148, 0.2578, -0.96618, -0.268674, 0.291638, -0.918021, 36.2072, 14.5741, 436.157, 0.0980626, 0.265341, 0.122371, -0.486986, 0.394995
2279, 38.0046, 0.940721, 1, -0.00882872, 0.247929, -0.968738, -0.252549, 0.294478, -0.921684, 36.2025, 14.6198, 435.413, 0.0976815, 0.261554, 0.122265, -0.474008, 0.390432
2280, 38.0213, 0.941055, 1, -0.00806377, 0.251782, -0.96775, -0.259294, 0.297636, -0.918792, 36.27, 14.6848, 435.063, 0.0972889, 0.25962, 0.122106, -0.476021, 0.394314
2281, 38.038, 0.939302, 1, -0.00973993, 0.246179, -0.969176, -0.252927, 0.296207, -0.921026, 36.3166, 14.7173, 435.206, 0.0974694, 0.257535, 0.122015, -0.470129, 0.390144
2282, 38.0547, 0.9422, 1, -0.00993066, 0.247494, -0.968839, -0.256056, 0.29482, -0.920607, 36.303, 14.8278, 435.196, 0.0995232, 0.257695, 0.120394, -0.472036, 0.392428
2283, 38.0714, 0.940528, 1, -0.00940427, 0.24638, -0.969128, -0.262437, 0.297034, -0.918095, 36.3116, 14.8274, 435.182, 0.0991344, 0.257851, 0.12059, -0.475477, 0.392795
2284, 38.0881, 0.943385, 1, -0.0131221, 0.245768, -0.96924, -0.257907, 0.293978, -0.920359, 36.3318, 14.9563, 435.394, 0.099846, 0.256447, 0.118934, -0.472712, 0.391486
2285, 38.1047, 0.944495, 1, -0.00803131, 0.244481, -0.969621, -0.256567, 0.300125, -0.918748, 36.3762, 15.0607, 435.63, 0.101263, 0.253993, 0.118262, -0.467176, 0.395648
2286, 38.1214, 0.948119, 1, -0.0117635, 0.241351, -0.970367, -0.258446, 0.293904, -0.920232, 36.2349, 15.1077, 435.296, 0.100108, 0.254692, 0.118353, -0.46947, 0.389263
2287, 38.1381, 0.945732, 1, -0.0167171, 0.241147, -0.970345, -0.258982, 0.293621, -0.920171, 36.2476, 15.2201, 435.767, 0.100172, 0.253042, 0.117056, -0.47036, 0.388917
2471, 41.2078, 0.942485, 1, 0.0279037, 0.194223, -0.98056, -0.182316, 0.271168, -0.945108, 29.362, 26.8166, 438.053, 0.274331, 0.340282, 0.00141477, -0.493462, 0.526942
2472, 41.2245, 0.942628, 1, 0.0518473, 0.186612, -0.981065, -0.177415, 0.269428, -0.946537, 29.3289, 26.7886, 437.442, 0.271971, 0.339401, 0.00150891, -0.475704, 0.518343
2473, 41.2412, 0.941301, 1, 0.037955, 0.18992, -0.981066, -0.185908, 0.267884, -0.945345, 29.2191, 26.6785, 436.562, 0.265046, 0.340398, 0.00212912, -0.489055, 0.514787
2474, 41.2579, 0.944989, 1, 0.0459396, 0.198266, -0.979071, -0.178726, 0.271793, -0.945614, 29.0279, 26.5297, 436.062, 0.255378, 0.34683, 0.00256189, -0.488847, 0.512327
2475, 41.2746, 0.952374, 1, 0.05411, 0.206563, -0.976936, -0.188315, 0.271364, -0.943875, 28.572, 26.0862, 434.624, 0.237957, 0.350399, 0.00701342, -0.493612, 0.501204
2476, 41.2913, 0.947005, 1, 0.05988, 0.215178, -0.974737, -0.19888, 0.287294, -0.936968, 28.0878, 25.3999, 432.953, 0.21815, 0.356382, 0.0123011, -0.504173, 0.497524
2477, 41.3079, 0.939255, 1, 0.0733265, 0.170802, -0.982573, -0.213505, 0.284961, -0.934459, 27.2675, 24.4475, 430.779, 0.2045, 0.381512, 0.0175247, -0.531952, 0.460681
2478, 41.3246, 0.933149, 1, 0.0692946, 0.206867, -0.975912, -0.211276, 0.280606, -0.936281, 26.0512, 23.2665, 426.007, 0.195609, 0.400527, 0.0258161, -0.557888, 0.472192
2479, 41.3413, 0.937652, 1, 0.0611172, 0.221328, -0.973282, -0.220699, 0.287326, -0.93206, 25.1942, 21.8819, 424.562, 0.176727, 0.413761, 0.0349317, -0.583759, 0.469345
2480, 41.358, 0.931406, 1, 0.0617923, 0.233488, -0.970394, -0.232296, 0.297842, -0.925921, 24.7007, 20.7632, 424.674, 0.166726, 0.417392, 0.0428325, -0.595987, 0.473833
2481, 41.3747, 0.928618, 1, 0.0660462, 0.236754, -0.969322, -0.22648, 0.303273, -0.925598, 24.6679, 20.2581, 425.913, 0.166714, 0.413205, 0.0460985, -0.587518, 0.476751
2482, 41.3914, 0.92871, 1, 0.0680129, 0.239451, -0.968523, -0.228995, 0.304375, -0.924617, 24.8065, 20.4306, 427.139, 0.174826, 0.410956, 0.0432967, -0.585722, 0.486258
2483, 41.408, 0.938707, 1, 0.0708643, 0.224562, -0.97188, -0.246721, 0.2961, -0.922742, 25.0131, 21.1443, 427.354, 0.196581, 0.412693, 0.03724, -0.594348, 0.494771
2484, 41.4247, 0.936552, 1, 0.0861938, 0.215391, -0.972717, -0.210463, 0.306871, -0.92819, 25.2912, 22.4179, 427.586, 0.215965, 0.405656, 0.0295921, -0.557499, 0.510194
2485, 41.4414, 0.928151, 1, 0.051926, 0.258537, -0.964605, -0.204828, 0.298972, -0.93202, 25.6371, 24.0286, 428.859, 0.231087, 0.401194, 0.0215328, -0.570875, 0.54606
2486, 41.4581, 0.915932, 1, 0.0305283, 0.225649, -0.97373, -0.189967, 0.273759, -0.942851, 26.1332, 26.1088, 429.654, 0.276965, 0.406455, 0.00803251, -0.579288, 0.554913
2487, 41.4748, 0.909504, 1, 0.0273632, 0.21681, -0.97583, -0.170034, 0.274459, -0.946446, 26.6572, 28.2505, 430.751, 0.311898, 0.402352, -0.00251215, -0.567027, 0.580781
2488, 41.4915, 0.895696, 1, 0.0300972, 0.188458, -0.98162, -0.1737, 0.283003, -0.943259, 26.9133, 29.9557, 430.767, 0.32856, 0.387303, -0.00907384, -0.547464, 0.583449
2489, 41.5081, 0.882392, 1, 0.0213987, 0.174662, -0.984396, -0.19274, 0.301934, -0.933642, 27.0657, 31.3818, 432.42, 0.331542, 0.37941, -0.0144291, -0.554391, 0.5918
2490, 41.5248, 0.875702, 1, 0.0196874, 0.197272, -0.980151, -0.195846, 0.290226, -0.936703, 26.991, 32.6346, 434.401, 0.348128, 0.388652, -0.0225701, -0.57028, 0.613244
2491, 41.5415, 0.884631, 1, 0.0347127, 0.129586, -0.99096, -0.22484, 0.27633, -0.934392, 26.8565, 33.4483, 436.01, 0.366639, 0.395739, -0.0305055, -0.580554, 0.585319
2492, 41.5582, 0.900182, 1, 0.034508, 0.130968, -0.990786, -0.222319, 0.254641, -0.941134, 26.759, 33.7197, 436.624, 0.373866, 0.394369, -0.0314131, -0.575783, 0.579161
2493, 41.5749, 0.895985, 1, 0.0346278, 0.14412, -0.988954, -0.213383, 0.273845, -0.937804, 26.5898, 33.4436, 436.387, 0.375483, 0.395146, -0.0318834, -0.575377, 0.598195
2494, 41.5916, 0.905563, 1, 0.0348658, 0.144866, -0.988837, -0.214868, 0.23864, -0.947039, 26.7048, 33.0009, 436.586, 0.369481, 0.389516, -0.027482, -0.563999, 0.571326
2495, 41.6082, 0.912799, 1, 0.0209599, 0.161008, -0.986731, -0.180746, 0.26944, -0.945903, 26.5795, 32.1793, 436.143, 0.355029, 0.379342, -0.0235376, -0.544047, 0.58367
2496, 41.6249, 0.915479, 1, 0.0238373, 0.158796, -0.987024, -0.182358, 0.263333, -0.947313, 26.5783, 31.2096, 434.533, 0.35391, 0.369106, -0.0208038, -0.529861, 0.577403
2497, 41.6416, 0.913152, 1, 0.0153542, 0.174516, -0.984535, -0.158053, 0.25668, -0.953485, 26.5742, 30.1256, 433.42, 0.346764, 0.369206, -0.0181059, -0.521375, 0.574624
2498, 41.6583, 0.908996, 1, 0.002893, 0.194951, -0.980809, -0.149503, 0.245602, -0.957773, 26.6931, 29.1458, 432.85, 0.336312, 0.36548, -0.0131482, -0.520754, 0.570885
2499, 41.675, 0.914618, 1, 0.00133888, 0.207386, -0.978258, -0.143175, 0.253041, -0.956803, 26.9642, 28.1715, 432.299, 0.326609, 0.35605, -0.00959191, -0.508015, 0.572744
2500, 41.6917, 0.912699, 1, 0.00384112, 0.205533, -0.978643, -0.169014, 0.245349, -0.954588, 27.2284, 27.4712, 433.22, 0.3212, 0.357048, -0.00632061, -0.522877, 0.563916
2501, 41.7083, 0.914052, 1, 0.0159543, 0.202341, -0.979185, -0.205516, 0.251748, -0.94572, 27.5359, 26.8578, 433.546, 0.310554, 0.353945, -0.00218612, -0.533109, 0.557677
2502, 41.725, 0.914509, 1, 0.0242851, 0.205275, -0.978403, -0.212995, 0.239968, -0.947126, 27.9298, 26.3757, 434.288, 0.307476, 0.355546, -0.000277953, -0.534978, 0.549766
2503, 41.7417, 0.920801, 1, 0.0330984, 0.259747, -0.965109, -0.228522, 0.259807, -0.938231, 28.3491, 25.8283, 433.966, 0.296475, 0.347421, 0.00289224, -0.535909, 0.58258
2504, 41.7584, 0.924716, 1, 0.0367648, 0.261481, -0.964508, -0.208291, 0.279888, -0.937164, 28.6432, 25.2796, 433.595, 0.283485, 0.34156, 0.00786376, -0.516251, 0.580744
2505, 41.7751, 0.927333, 1, 0.0303014, 0.256251, -0.966135, -0.203503, 0.280235, -0.938112, 29.1229, 24.9002, 434.136, 0.274983, 0.336705, 0.0119278, -0.510276, 0.568825
2506, 41.7918, 0.929443, 1, 0.039471, 0.269853, -0.962092, -0.20433, 0.284498, -0.936648, 29.484, 24.4569, 434.008, 0.26829, 0.333447, 0.0160497, -0.503645, 0.572065
2507, 41.8084, 0.930623, 1, 0.046999, 0.245337, -0.968298, -0.205502, 0.285875, -0.935973, 29.7361, 24.0443, 433.782, 0.260026, 0.331267, 0.0206868, -0.494971, 0.550624
2508, 41.8251, 0.930782, 1, 0.0547583, 0.261259, -0.963714, -0.207274, 0.281467, -0.936917, 30.1868, 23.6248, 433.826, 0.256459, 0.32602, 0.0248958, -0.487506, 0.55318
2509, 41.8418, 0.931248, 1, 0.0491231, 0.208229, -0.976846, -0.215792, 0.283593, -0.934349, 30.5167, 23.2772, 433.717, 0.251764, 0.32204, 0.0296876, -0.48564, 0.519719
2510, 41.8585, 0.935098, 1, 0.0541517, 0.198095, -0.978686, -0.214081, 0.281578, -0.935352, 30.802, 22.9025, 433.325, 0.246355, 0.318368, 0.0347376, -0.47617, 0.506792
2511, 41.8752, 0.932761, 1, 0.0587078, 0.185436, -0.980901, -0.208645, 0.278116, -0.937613, 31.1829, 22.5905, 433.383, 0.245484, 0.317429, 0.0367559, -0.46849, 0.495819
2512, 41.8919, 0.934095, 1, 0.0531924, 0.188411, -0.980649, -0.215542, 0.278778, -0.935855, 31.4912, 22.333, 433.527, 0.237747, 0.310725, 0.0417393, -0.467574, 0.490515
2513, 41.9085, 0.934758, 1, 0.0767318, 0.184165, -0.979896, -0.215795, 0.2833, -0.934438, 31.7409, 22.1315, 433.877, 0.240203, 0.31203, 0.0454557, -0.457694, 0.491751
2514, 41.9252, 0.934309, 1, 0.0527581, 0.191075, -0.980157, -0.215745, 0.283234, -0.934469, 32.0677, 21.9152, 433.659, 0.234418, 0.304587, 0.0475679, -0.461604, 0.490927
2515, 41.9419, 0.937924, 1, 0.0810667, 0.196643, -0.977118, -0.222065, 0.289041, -0.931205, 32.2756, 21.766, 433.195, 0.234456, 0.304316, 0.0521607, -0.451696, 0.496266
2516, 41.9586, 0.934306, 1, 0.0768367, 0.194581, -0.977872, -0.214712, 0.279819, -0.935735, 32.4686, 21.6565, 432.935, 0.2337, 0.30381, 0.0548837, -0.448894, 0.488877
2517, 41.9753, 0.940519, 1, 0.0750698, 0.199742, -0.976969, -0.210084, 0.270655, -0.939474, 32.6009, 21.6006, 432.534, 0.223908, 0.298686, 0.0619199, -0.441173, 0.476243
2518, 41.992, 0.941629, 1, 0.068967, 0.189976, -0.979363, -0.213059, 0.265308, -0.940328, 32.783, 21.5108, 431.671, 0.214918, 0.287337, 0.0689536, -0.431462, 0.458209
2519, 42.0086, 0.941572, 1, 0.0491089, 0.190697, -0.98042, -0.215449, 0.265027, -0.939863, 32.976, 21.3665, 431.708, 0.213327, 0.284006, 0.072499, -0.439616, 0.456409
2520, 42.0253, 0.941614, 1, 0.041, 0.195354, -0.979875, -0.214704, 0.268497, -0.939048, 33.1491, 21.2718, 431.758, 0.209552, 0.281103, 0.0754304, -0.440806, 0.457066
2521, 42.042, 0.941584, 1, 0.0461503, 0.195116, -0.979694, -0.220886, 0.265841, -0.93837, 33.2978, 21.1508, 431.83, 0.206504, 0.277993, 0.0778011, -0.43751, 0.452426
2522, 42.0587, 0.940787, 1, 0.0424876, 0.194357, -0.98001, -0.225599, 0.264524, -0.937621, 33.4372, 21.0139, 431.975, 0.204357, 0.277821, 0.0802881, -0.441743, 0.449069
2523, 42.0754, 0.939077, 1, 0.0399584, 0.192921, -0.9804, -0.224163, 0.264329, -0.93802, 33.4186, 20.9749, 432.068, 0.20148, 0.276553, 0.0819455, -0.440436, 0.445225
2524, 42.0921, 0.942185, 1, 0.0300453, 0.188953, -0.981526, -0.216446, 0.261506, -0.94062, 33.5725, 20.7973, 432.466, 0.199271, 0.275964, 0.0831166, -0.440372, 0.438869
2525, 42.1087, 0.94066, 1, 0.0393201, 0.192691, -0.980471, -0.21704, 0.26402, -0.93978, 33.6631, 20.7008, 432.618, 0.197588, 0.275432, 0.0847018, -0.435747, 0.4406
2526, 42.1254, 0.939594, 1, 0.0414609, 0.195259, -0.979875, -0.223409, 0.26436, -0.938191, 33.7159, 20.662, 432.857, 0.197031, 0.274678, 0.0853851, -0.437853, 0.441753
2527, 42.1421, 0.939295, 1, 0.0591642, 0.197803, -0.978455, -0.215195, 0.261903, -0.940797, 33.7996, 20.5785, 433.53, 0.196232, 0.276848, 0.0860221, -0.426378, 0.440718
2528, 42.1588, 0.941306, 1, 0.0660421, 0.197458, -0.978084, -0.236444, 0.270404, -0.933261, 33.8653, 20.5311, 433.412, 0.192305, 0.273382, 0.0881323, -0.430617, 0.442061
2529, 42.1755, 0.941595, 1, 0.0494762, 0.198191, -0.978914, -0.237166, 0.275737, -0.931516, 33.963, 20.5737, 433.969, 0.192601, 0.273077, 0.0886075, -0.440164, 0.445309
2530, 42.1922, 0.940681, 1, 0.0565567, 0.198769, -0.978413, -0.258274, 0.282038, -0.923985, 34.0416, 20.5362, 433.941, 0.187931, 0.271855, 0.0906284, -0.446492, 0.445212
2531, 42.2088, 0.943624, 1, 0.0471654, 0.206245, -0.977363, -0.251847, 0.280624, -0.926187, 34.0852, 20.5498, 434.012, 0.185378, 0.269181, 0.091497, -0.445171, 0.445836
2532, 42.2255, 0.944511, 1, 0.043827, 0.208335, -0.977075, -0.247747, 0.2839, -0.926295, 34.1184, 20.5644, 434.084, 0.186246, 0.269539, 0.0913185, -0.445742, 0.449488
2533, 42.2422, 0.943509, 1, 0.043316, 0.209677, -0.976811, -0.246511, 0.280204, -0.927749, 34.1778, 20.6087, 434.359, 0.184901, 0.265946, 0.0920258, -0.440351, 0.44668
2534, 42.2589, 0.944924, 1, 0.0453465, 0.208085, -0.977059, -0.23261, 0.282834, -0.930536, 34.1188, 20.5803, 434.788, 0.180547, 0.26696, 0.0929604, -0.432588, 0.442814
2535, 42.2756, 0.945817, 1, 0.0517787, 0.211797, -0.975941, -0.23112, 0.281555, -0.931295, 34.1493, 20.6003, 434.94, 0.180725, 0.266738, 0.0934677, -0.428438, 0.444191
