1538, 25.6423, 0.979391, 1, 0.371654, 0.230057, -0.899415, 0.208344, 0.244448, -0.947015, -67.7122, 5.29754, 406.579, 0.045838, -0.167537, -0.163597, 0.54568, 0.285726
1539, 25.659, 0.978591, 1, 0.373637, 0.236018, -0.897046, 0.202343, 0.246167, -0.947871, -67.6755, 5.3509, 406.223, 0.0449087, -0.171607, -0.163159, 0.549095, 0.28997
1540, 25.6757, 0.978099, 1, 0.37372, 0.231592, -0.898164, 0.205704, 0.237096, -0.949458, -67.9632, 5.52928, 406.332, 0.0491632, -0.171663, -0.162954, 0.54943, 0.286083
1541, 25.6923, 0.978923, 1, 0.370494, 0.228365, -0.900324, 0.202737, 0.234137, -0.95083, -68.1721, 5.74226, 406.236, 0.04902, -0.169111, -0.162852, 0.542426, 0.282763
1542, 25.709, 0.978599, 1, 0.370854, 0.231744, -0.899312, 0.202545, 0.241403, -0.949052, -68.1603, 5.87182, 405.749, 0.0516027, -0.174132, -0.162855, 0.54985, 0.291898
1543, 25.7257, 0.97864, 1, 0.374354, 0.234756, -0.897078, 0.204118, 0.235481, -0.950202, -68.527, 6.10511, 406.089, 0.0538549, -0.169823, -0.163767, 0.547333, 0.291764
1544, 25.7424, 0.978204, 1, 0.372747, 0.227452, -0.899625, 0.206021, 0.246649, -0.946953, -68.6738, 6.31065, 405.925, 0.0559115, -0.171018, -0.164462, 0.549228, 0.296227
1545, 25.7591, 0.978159, 1, 0.367293, 0.228305, -0.90165, 0.208891, 0.238321, -0.948455, -68.9593, 6.39767, 406.388, 0.0565363, -0.171126, -0.164849, 0.546896, 0.292052
1546, 25.7758, 0.977038, 1, 0.371095, 0.229468, -0.899796, 0.211462, 0.241616, -0.947051, -69.1899, 6.46758, 406.208, 0.0565474, -0.169158, -0.16505, 0.548754, 0.294629
1547, 25.7924, 0.976416, 1, 0.372373, 0.234818, -0.897886, 0.211436, 0.254356, -0.943715, -69.3712, 6.42831, 406.128, 0.0527977, -0.169282, -0.165602, 0.552096, 0.301211
1548, 25.8091, 0.975626, 1, 0.373637, 0.234753, -0.897378, 0.202666, 0.253701, -0.945813, -69.5903, 6.31482, 406.112, 0.0534392, -0.168844, -0.165501, 0.547748, 0.301935
1549, 25.8258, 0.974828, 1, 0.373409, 0.241189, -0.895764, 0.201715, 0.259291, -0.944499, -69.8537, 6.09312, 406.231, 0.0511433, -0.167932, -0.167033, 0.547954, 0.306212
1550, 25.8425, 0.974944, 1, 0.373343, 0.240575, -0.895957, 0.198728, 0.279583, -0.93933, -70.0714, 5.90915, 406.226, 0.0510568, -0.167919, -0.168185, 0.549447, 0.317336
1551, 25.8592, 0.974368, 1, 0.381507, 0.23813, -0.893167, 0.205374, 0.276658, -0.938766, -70.3007, 5.72245, 406.318, 0.0494041, -0.16863, -0.168979, 0.557234, 0.311693
1552, 25.8759, 0.971792, 1, 0.382233, 0.276442, -0.881747, 0.18345, 0.315663, -0.930969, -70.531, 5.7472, 406.399, 0.048181, -0.169855, -0.170417, 0.560009, 0.357599
1553, 25.8925, 0.966354, 1, 0.371028, 0.309299, -0.875598, 0.172393, 0.347616, -0.921652, -70.994, 6.0571, 407.12, 0.0469117, -0.168023, -0.169247, 0.555669, 0.395591
1554, 25.9092, 0.964207, 1, 0.383704, 0.326216, -0.863918, 0.120662, 0.37196, -0.920373, -71.4906, 6.43912, 409.41, 0.0464818, -0.167563, -0.169627, 0.541841, 0.421606
1555, 25.9259, 0.963753, 1, 0.392777, 0.335616, -0.856205, 0.111157, 0.377219, -0.919429, -71.5216, 6.7438, 408.854, 0.0500029, -0.172452, -0.170087, 0.550695, 0.434968
1556, 25.9426, 0.966321, 1, 0.396393, 0.335177, -0.85471, 0.111384, 0.368991, -0.922735, -71.5937, 7.08202, 408.355, 0.0604329, -0.174711, -0.168414, 0.554613, 0.441236
1557, 25.9593, 0.964818, 1, 0.397584, 0.335676, -0.85396, 0.108747, 0.374137, -0.920975, -71.4183, 7.29788, 407.418, 0.0675302, -0.175421, -0.168481, 0.556864, 0.452146
1558, 25.976, 0.966293, 1, 0.400291, 0.339803, -0.851059, 0.101167, 0.372168, -0.922635, -71.5927, 7.69304, 407.369, 0.0697956, -0.17343, -0.167354, 0.552758, 0.456682
1559, 25.9926, 0.966761, 1, 0.436977, 0.321945, -0.839882, 0.144441, 0.368069, -0.918511, -71.1821, 8.02245, 406.135, 0.0698413, -0.178672, -0.166609, 0.598859, 0.444532
1560, 26.0093, 0.967148, 1, 0.427734, 0.325413, -0.843297, 0.148473, 0.369734, -0.917198, -71.1581, 8.32506, 405.883, 0.0707664, -0.17767, -0.165128, 0.59577, 0.448926
1561, 26.026, 0.965893, 1, 0.419488, 0.331719, -0.844981, 0.147136, 0.370179, -0.917234, -71.0577, 8.65643, 405.878, 0.0714159, -0.178988, -0.163904, 0.593504, 0.454413
1562, 26.0427, 0.964289, 1, 0.420716, 0.325707, -0.846707, 0.146536, 0.36389, -0.919843, -71.0086, 9.02568, 406.232, 0.0726027, -0.181255, -0.161756, 0.594541, 0.449076
1563, 26.0594, 0.962441, 1, 0.425826, 0.321128, -0.845902, 0.140874, 0.364341, -0.920549, -71.0842, 9.194, 406.833, 0.0733986, -0.181588, -0.161561, 0.594694, 0.44776
1564, 26.0761, 0.964069, 1, 0.417274, 0.326407, -0.848139, 0.134995, 0.362753, -0.922056, -70.9975, 9.40072, 406.964, 0.071893, -0.180759, -0.160652, 0.586468, 0.448702
1565, 26.0927, 0.965, 1, 0.421153, 0.324122, -0.847098, 0.133921, 0.360976, -0.922909, -71.012, 9.56391, 407.604, 0.0711068, -0.181733, -0.159662, 0.588758, 0.446414
1566, 26.1094, 0.964646, 1, 0.423673, 0.322661, -0.846399, 0.133293, 0.35509, -0.92528, -71.0119, 9.67901, 407.778, 0.0700624, -0.180607, -0.158802, 0.587279, 0.441063
1567, 26.1261, 0.963992, 1, 0.420131, 0.32006, -0.849147, 0.128136, 0.359781, -0.924196, -70.7564, 9.8438, 407.803, 0.0712203, -0.185003, -0.158175, 0.587665, 0.443927
1568, 26.1428, 0.965375, 1, 0.420898, 0.318126, -0.849495, 0.127281, 0.356788, -0.925474, -70.7514, 9.98046, 408.174, 0.068256, -0.184486, -0.156368, 0.585812, 0.438705
1569, 26.1595, 0.962752, 1, 0.410657, 0.320765, -0.853505, 0.120092, 0.361109, -0.924758, -70.805, 10.0069, 408.874, 0.0684413, -0.184748, -0.155976, 0.577254, 0.443226
1570, 26.1762, 0.965119, 1, 0.405811, 0.323485, -0.854795, 0.125106, 0.358106, -0.925261, -70.5498, 10.1873, 408.171, 0.0763437, -0.186557, -0.153261, 0.57861, 0.450999
1571, 26.1928, 0.965463, 1, 0.400234, 0.32464, -0.856984, 0.114343, 0.356048, -0.927446, -70.458, 10.2927, 408.103, 0.0749757, -0.187664, -0.151731, 0.57019, 0.449619
1572, 26.2095, 0.965983, 1, 0.387574, 0.329427, -0.860967, 0.120311, 0.353249, -0.927761, -70.5317, 10.3122, 408.682, 0.0731025, -0.19079, -0.150237, 0.569869, 0.449457
1573, 26.2262, 0.966164, 1, 0.404227, 0.32507, -0.854944, 0.117511, 0.355193, -0.927377, -70.4492, 10.3576, 408.82, 0.0730712, -0.188851, -0.148405, 0.574517, 0.44897
1574, 26.2429, 0.967261, 1, 0.408348, 0.323698, -0.853505, 0.122039, 0.351097, -0.928352, -70.2615, 10.3604, 407.709, 0.075649, -0.188466, -0.146519, 0.577442, 0.448493
1575, 26.2596, 0.967464, 1, 0.395976, 0.33046, -0.856738, 0.116558, 0.351956, -0.928731, -70.3988, 10.375, 408.656, 0.0741274, -0.186959, -0.144467, 0.565873, 0.451614
1576, 26.2763, 0.968795, 1, 0.386681, 0.333698, -0.859723, 0.109214, 0.348037, -0.931098, -70.4855, 10.3705, 408.853, 0.0759432, -0.18748, -0.142396, 0.556079, 0.45263
1577, 26.2929, 0.970205, 1, 0.382921, 0.337694, -0.859846, 0.120574, 0.348636, -0.92947, -70.562, 10.2996, 408.817, 0.0765708, -0.184483, -0.140779, 0.556543, 0.455762
1578, 26.3096, 0.971407, 1, 0.381609, 0.338838, -0.859979, 0.123334, 0.351959, -0.927854, -70.658, 10.2364, 409.143, 0.0763105, -0.184135, -0.13941, 0.557197, 0.458649
1579, 26.3263, 0.970429, 1, 0.377924, 0.337523, -0.862121, 0.116669, 0.355787, -0.927256, -70.6873, 10.1763, 409.312, 0.0748797, -0.184697, -0.137117, 0.551761, 0.459709
1580, 26.343, 0.970288, 1, 0.380251, 0.338892, -0.860559, 0.117889, 0.354796, -0.927481, -70.7879, 10.0871, 409.464, 0.0747059, -0.183203, -0.134764, 0.551445, 0.460555
1581, 26.3597, 0.971758, 1, 0.379207, 0.339345, -0.860841, 0.114284, 0.356031, -0.927459, -70.9703, 9.98523, 410.18, 0.0731635, -0.182677, -0.134504, 0.548533, 0.46024
1663, 27.7277, 0.981306, 1, 0.392752, 0.369222, -0.842271, 0.0735301, 0.378683, -0.922601, -78.9411, 5.29728, 422.697, 0.0337515, -0.117264, -0.0469785, 0.448462, 0.473209
1664, 27.7444, 0.981616, 1, 0.41469, 0.35983, -0.835796, 0.0726917, 0.379822, -0.922199, -78.9665, 5.35186, 423.49, 0.0307687, -0.117975, -0.0481067, 0.461198, 0.468035
1665, 27.7611, 0.982054, 1, 0.397869, 0.364213, -0.84205, 0.0648492, 0.375311, -0.924628, -78.9312, 5.43915, 423.375, 0.0341165, -0.119887, -0.047754, 0.449603, 0.469216
1666, 27.7778, 0.982062, 1, 0.410818, 0.358239, -0.838388, 0.0742001, 0.372994, -0.924862, -78.8523, 5.59385, 423.66, 0.0333429, -0.122369, -0.0486492, 0.464817, 0.465053
1667, 27.7944, 0.981519, 1, 0.409717, 0.357571, -0.839211, 0.0667208, 0.374787, -0.924707, -78.73, 5.68031, 423.639, 0.0318595, -0.124306, -0.0476448, 0.462247, 0.46508
1668, 27.8111, 0.982234, 1, 0.415565, 0.352992, -0.838273, 0.0753267, 0.375689, -0.923679, -78.7057, 5.71575, 423.453, 0.0326538, -0.124305, -0.0477745, 0.470213, 0.464377
1669, 27.8278, 0.98196, 1, 0.404476, 0.356479, -0.842213, 0.0593764, 0.370951, -0.926752, -78.5272, 5.80971, 423.236, 0.0318947, -0.125488, -0.0478833, 0.455754, 0.461446
1670, 27.8445, 0.982402, 1, 0.402828, 0.361311, -0.840942, 0.0506636, 0.367725, -0.928553, -78.44, 5.82411, 423.314, 0.0320016, -0.12376, -0.0479862, 0.448028, 0.462017
1671, 27.8612, 0.982433, 1, 0.401988, 0.355826, -0.843679, 0.0544155, 0.370453, -0.927256, -78.4197, 5.86563, 423.84, 0.0315719, -0.124538, -0.0476665, 0.450322, 0.460636
1672, 27.8779, 0.981929, 1, 0.391958, 0.364741, -0.844591, 0.0560374, 0.375087, -0.925294, -78.0683, 5.87284, 422.768, 0.0323922, -0.126406, -0.0481209, 0.448376, 0.468144
1673, 27.8945, 0.982035, 1, 0.385897, 0.368259, -0.845854, 0.0630586, 0.373565, -0.925458, -77.8958, 5.8443, 422.75, 0.0328113, -0.126496, -0.0481542, 0.448713, 0.469515
1674, 27.9112, 0.981874, 1, 0.386118, 0.368499, -0.845648, 0.0637703, 0.381492, -0.92217, -77.6594, 5.8574, 422.054, 0.0345507, -0.127501, -0.0477114, 0.450969, 0.475606
1675, 27.9279, 0.982091, 1, 0.398505, 0.363113, -0.842225, 0.0549963, 0.375413, -0.925225, -77.6617, 5.85266, 422.731, 0.033343, -0.126898, -0.0480377, 0.451728, 0.468513
1676, 27.9446, 0.979979, 1, 0.382547, 0.37143, -0.845989, 0.0707798, 0.373809, -0.924801, -77.4287, 5.88809, 422.824, 0.0320554, -0.131932, -0.0482789, 0.457319, 0.470836
1677, 27.9613, 0.982537, 1, 0.387111, 0.359962, -0.848865, 0.0900482, 0.372894, -0.923494, -77.118, 5.776, 424.25, 0.0170729, -0.11825, -0.0675211, 0.452724, 0.441413
1678, 27.978, 0.983071, 1, 0.401666, 0.363941, -0.840364, 0.0891624, 0.37816, -0.921436, -76.8928, 5.85083, 423.292, 0.0306374, -0.124793, -0.0606108, 0.470736, 0.464687
1679, 27.9946, 0.982491, 1, 0.368875, 0.372025, -0.85178, 0.0756435, 0.379607, -0.92205, -76.4632, 5.86896, 422.245, 0.0349743, -0.129749, -0.0569901, 0.451051, 0.472745
1680, 28.0113, 0.979178, 1, 0.368036, 0.374289, -0.85115, 0.0803268, 0.38207, -0.920636, -76.3045, 5.93886, 422.134, 0.0358643, -0.134461, -0.0542676, 0.458913, 0.478416
1681, 28.028, 0.983413, 1, 0.371985, 0.366997, -0.852608, 0.0862264, 0.380047, -0.920939, -75.881, 5.85542, 422.986, 0.0222768, -0.125792, -0.0706503, 0.452748, 0.453218
1682, 28.0447, 0.982469, 1, 0.375213, 0.363601, -0.852648, 0.0795201, 0.379994, -0.921564, -75.7823, 5.95417, 422.402, 0.0316814, -0.130721, -0.0640055, 0.457493, 0.463514
1683, 28.0614, 0.979878, 1, 0.374634, 0.370191, -0.850064, 0.0751642, 0.382416, -0.920928, -75.7609, 5.90557, 422.004, 0.0341491, -0.133359, -0.0603975, 0.458789, 0.472834
1684, 28.0781, 0.983567, 1, 0.380281, 0.357429, -0.853013, 0.0819727, 0.377604, -0.922332, -75.4337, 5.83335, 423.407, 0.0187161, -0.12851, -0.0739651, 0.457202, 0.443286
1685, 28.0947, 0.983206, 1, 0.369392, 0.3627, -0.855569, 0.0832795, 0.380434, -0.921051, -75.3835, 5.92672, 422.6, 0.0323645, -0.13224, -0.0648811, 0.457474, 0.463711
1686, 28.1114, 0.979477, 1, 0.379923, 0.368677, -0.848373, 0.0841788, 0.380268, -0.921037, -75.352, 5.89242, 422.069, 0.034955, -0.135212, -0.0601931, 0.468281, 0.472625
1687, 28.1281, 0.981847, 1, 0.378534, 0.367567, -0.849474, 0.0820378, 0.382227, -0.92042, -74.7619, 5.63177, 423.69, 0.020341, -0.134618, -0.0802693, 0.464086, 0.452354
1688, 28.1448, 0.982332, 1, 0.368863, 0.370353, -0.852513, 0.0860989, 0.3795, -0.921177, -75.1733, 5.8732, 423.796, 0.0300677, -0.130419, -0.0666375, 0.456879, 0.464978
1689, 28.1615, 0.979648, 1, 0.371271, 0.372506, -0.850528, 0.0900665, 0.379951, -0.920612, -75.002, 5.876, 422.495, 0.035803, -0.135978, -0.0607255, 0.467295, 0.474815
1690, 28.1782, 0.980877, 1, 0.374596, 0.375234, -0.847866, 0.0973509, 0.385606, -0.917514, -74.3074, 5.69508, 423.808, 0.0207921, -0.13837, -0.0791978, 0.475156, 0.459922
1691, 28.1948, 0.982747, 1, 0.366842, 0.376247, -0.850803, 0.0953952, 0.379595, -0.920222, -74.7627, 5.92857, 423.82, 0.0269494, -0.133561, -0.0668475, 0.46465, 0.466169
1692, 28.2115, 0.978722, 1, 0.372055, 0.378096, -0.847714, 0.0895751, 0.382189, -0.919733, -74.7225, 5.99152, 422.868, 0.0371529, -0.138031, -0.0587031, 0.47067, 0.481995
1693, 28.2282, 0.980301, 1, 0.372596, 0.377842, -0.847589, 0.0991396, 0.376641, -0.921039, -74.044, 5.81172, 423.935, 0.0214068, -0.139743, -0.077561, 0.475286, 0.457474
1694, 28.2449, 0.981174, 1, 0.361756, 0.375473, -0.853319, 0.0966865, 0.376727, -0.921265, -73.8963, 5.84181, 424.544, 0.0187557, -0.136776, -0.0843633, 0.463674, 0.449249
1695, 28.2616, 0.980008, 1, 0.367034, 0.36747, -0.854548, 0.0912888, 0.368566, -0.925108, -74.4996, 6.08353, 424.853, 0.0228311, -0.136715, -0.0685894, 0.463397, 0.450395
1696, 28.2783, 0.979327, 1, 0.368617, 0.370634, -0.852498, 0.0976671, 0.368067, -0.924656, -73.9672, 5.97223, 425.335, 0.0197657, -0.140462, -0.082849, 0.471699, 0.443933
1697, 28.2949, 0.981352, 1, 0.367258, 0.366616, -0.854818, 0.100969, 0.365802, -0.925199, -73.821, 5.97855, 425.519, 0.0190531, -0.138072, -0.0869405, 0.469187, 0.437253
1698, 28.3116, 0.979403, 1, 0.367274, 0.367095, -0.854606, 0.0917271, 0.364547, -0.926656, -74.4403, 6.21001, 425.117, 0.0299707, -0.136345, -0.0695547, 0.463733, 0.453281
1699, 28.3283, 0.981319, 1, 0.36209, 0.365787, -0.857374, 0.101416, 0.368731, -0.923987, -73.8163, 5.98269, 425.41, 0.019206, -0.13881, -0.0838554, 0.467258, 0.439544
1700, 28.345, 0.980033, 1, 0.374551, 0.370367, -0.850024, 0.106652, 0.368887, -0.923335, -74.0571, 5.93095, 424.938, 0.0233408, -0.140777, -0.0757201, 0.480657, 0.451701
1701, 28.3617, 0.980455, 1, 0.368349, 0.366091, -0.854574, 0.0826043, 0.362163, -0.928447, -73.3631, 5.8085, 424.921, 0.0132806, -0.15074, -0.0864161, 0.473917, 0.431532
1702, 28.3784, 0.980668, 1, 0.375849, 0.366602, -0.851082, 0.0948801, 0.367656, -0.925109, -73.5604, 5.87888, 425.076, 0.0206915, -0.138497, -0.0898656, 0.472221, 0.439782
1703, 28.395, 0.978858, 1, 0.380473, 0.36899, -0.84799, 0.0870495, 0.362812, -0.927788, -74.1791, 6.20683, 424.146, 0.0322597, -0.137413, -0.0716615, 0.470936, 0.455998
1704, 28.4117, 0.980607, 1, 0.377739, 0.371726, -0.848017, 0.0889773, 0.363226, -0.927443, -73.309, 5.86027, 424.38, 0.0146364, -0.151233, -0.085702, 0.484336, 0.438172
1705, 28.4284, 0.979504, 1, 0.380736, 0.365883, -0.849217, 0.0890784, 0.359992, -0.928693, -73.2607, 5.9075, 424.898, 0.0141758, -0.151022, -0.0903165, 0.485511, 0.430592
1706, 28.4451, 0.978701, 1, 0.386351, 0.36588, -0.846679, 0.0901221, 0.364832, -0.926701, -73.465, 6.00656, 424.959, 0.0212505, -0.141071, -0.0918911, 0.479416, 0.438973
1707, 28.4618, 0.981568, 1, 0.376699, 0.365237, -0.851293, 0.0911971, 0.365197, -0.926452, -73.4502, 6.02815, 425.131, 0.0237505, -0.140347, -0.0930634, 0.47356, 0.439825
5417, 90.3569, 0.974734, 1, 0.191621, 0.349139, -0.91727, -0.0405056, 0.227713, -0.972886, -29.4259, 22.4606, 429.025, 0.166247, -0.312203, 0.124595, 0.411776, 0.506583
5418, 90.3736, 0.974719, 1, 0.186945, 0.334889, -0.923527, -0.0441969, 0.228915, -0.972443, -28.1326, 24.6049, 430.58, 0.194405, -0.329195, 0.142231, 0.425451, 0.524673
5419, 90.3903, 0.973167, 1, 0.191059, 0.335745, -0.922373, -0.0424896, 0.223808, -0.973707, -26.7117, 26.3588, 430.271, 0.216002, -0.344555, 0.15494, 0.445807, 0.545476
5420, 90.407, 0.971935, 1, 0.1741, 0.324838, -0.929607, -0.0520956, 0.217236, -0.974728, -25.5037, 28.0543, 429.857, 0.237417, -0.362185, 0.168595, 0.451595, 0.55341
5421, 90.4237, 0.968985, 1, 0.171027, 0.317665, -0.932652, -0.0434432, 0.205886, -0.977611, -24.4105, 29.7006, 430.747, 0.253169, -0.377433, 0.181208, 0.471988, 0.559631
5422, 90.4404, 0.967256, 1, 0.163799, 0.315959, -0.934526, -0.038991, 0.197194, -0.979589, -23.1432, 31.0686, 429.44, 0.267936, -0.389459, 0.188323, 0.48478, 0.567762
5423, 90.457, 0.965908, 1, 0.155912, 0.312788, -0.936939, -0.0438585, 0.195668, -0.979689, -22.1011, 32.5305, 429.687, 0.281956, -0.400065, 0.197254, 0.490758, 0.576641
5424, 90.4737, 0.967975, 1, 0.144484, 0.306348, -0.940891, -0.042595, 0.185179, -0.981781, -21.2985, 33.827, 429.673, 0.288615, -0.407622, 0.205212, 0.494167, 0.572301
5425, 90.4904, 0.965268, 1, 0.142223, 0.309827, -0.940096, -0.0489018, 0.17929, -0.98258, -20.1057, 34.9025, 429.827, 0.274527, -0.420582, 0.20419, 0.502639, 0.559486
5426, 90.5071, 0.964531, 1, 0.161867, 0.303523, -0.938975, -0.0498151, 0.186267, -0.981235, -17.4321, 35.5617, 425.463, 0.245625, -0.446827, 0.182148, 0.542421, 0.544462
5427, 90.5238, 0.963292, 1, 0.15977, 0.304328, -0.939073, -0.0569335, 0.189389, -0.98025, -16.4172, 36.4808, 424.673, 0.253729, -0.451866, 0.181386, 0.543457, 0.553101
5428, 90.5405, 0.965065, 1, 0.171672, 0.303908, -0.937107, -0.0604525, 0.177356, -0.982288, -15.6008, 37.3362, 425.787, 0.263427, -0.455768, 0.182091, 0.553355, 0.556287
5429, 90.5571, 0.965142, 1, 0.188518, 0.30349, -0.933999, -0.0515012, 0.164695, -0.984999, -14.9892, 38.0331, 426.374, 0.267929, -0.456166, 0.184877, 0.568938, 0.557937
5430, 90.5738, 0.96346, 1, 0.181838, 0.291573, -0.939106, -0.0620487, 0.170575, -0.983389, -14.1768, 38.6143, 425.182, 0.2794, -0.459965, 0.19035, 0.564228, 0.562154
5431, 90.5905, 0.962948, 1, 0.199101, 0.292539, -0.935296, -0.0629243, 0.168241, -0.983735, -13.469, 39.0888, 425.465, 0.283343, -0.463124, 0.193325, 0.577273, 0.568529
5432, 90.6072, 0.960955, 1, 0.186533, 0.294737, -0.937196, -0.0649449, 0.165648, -0.984044, -12.82, 39.4481, 423.919, 0.288397, -0.463753, 0.197295, 0.569258, 0.569818
5433, 90.6239, 0.961589, 1, 0.180689, 0.29164, -0.939307, -0.0658368, 0.166966, -0.983762, -11.9458, 39.7849, 424.009, 0.290136, -0.466078, 0.200594, 0.567382, 0.56904
5434, 90.6406, 0.960045, 1, 0.188167, 0.288661, -0.938759, -0.0682157, 0.164773, -0.98397, -11.1906, 40.1196, 423.724, 0.296509, -0.468994, 0.205729, 0.57389, 0.573213
5435, 90.6572, 0.962403, 1, 0.172395, 0.290883, -0.941099, -0.07453, 0.169298, -0.982743, -10.4689, 40.5008, 423, 0.301609, -0.467567, 0.209816, 0.559262, 0.576814
5436, 90.6739, 0.959187, 1, 0.165218, 0.296679, -0.940577, -0.0700285, 0.170892, -0.982798, -9.67956, 40.668, 421.652, 0.305203, -0.463472, 0.215595, 0.551897, 0.583068
5437, 90.6906, 0.962256, 1, 0.149805, 0.294277, -0.943906, -0.0761352, 0.177273, -0.981212, -8.94965, 41.193, 421.486, 0.313392, -0.465339, 0.223542, 0.541295, 0.5873
5438, 90.7073, 0.962574, 1, 0.138392, 0.284552, -0.948619, -0.0757958, 0.165433, -0.983304, -8.31373, 41.6654, 421.09, 0.324197, -0.459998, 0.229839, 0.530435, 0.582156
5439, 90.724, 0.962562, 1, 0.133966, 0.288846, -0.947956, -0.0772377, 0.161392, -0.983863, -7.48219, 42.0757, 420.539, 0.325281, -0.45645, 0.235925, 0.521435, 0.58126
5440, 90.7407, 0.957433, 1, 0.131687, 0.287021, -0.94883, -0.0887881, 0.169242, -0.981567, -6.69765, 42.5975, 420.952, 0.334829, -0.456761, 0.244435, 0.51406, 0.58965
5441, 90.7573, 0.954456, 1, 0.147409, 0.289552, -0.945743, -0.0961955, 0.168971, -0.980916, -5.78726, 43.135, 420.937, 0.336051, -0.457711, 0.250762, 0.51861, 0.592718
5442, 90.774, 0.954507, 1, 0.108023, 0.287627, -0.951631, -0.0936756, 0.169871, -0.981004, -4.68708, 43.7701, 420.223, 0.349835, -0.459677, 0.263242, 0.499493, 0.595008
5443, 90.7907, 0.952398, 1, 0.11268, 0.282821, -0.952531, -0.0957085, 0.165943, -0.98148, -3.71075, 44.4113, 420.701, 0.355714, -0.470232, 0.27441, 0.512998, 0.595222
5444, 90.8074, 0.952039, 1, 0.110281, 0.283843, -0.952508, -0.100651, 0.168081, -0.980621, -2.62669, 44.9523, 420.047, 0.356135, -0.476545, 0.281985, 0.514708, 0.596252
5445, 90.8241, 0.947835, 1, 0.112721, 0.281124, -0.953028, -0.10835, 0.16422, -0.980455, -1.45343, 45.4279, 418.624, 0.359714, -0.480045, 0.290813, 0.515923, 0.595776
5446, 90.8408, 0.949351, 1, 0.116482, 0.279411, -0.95308, -0.110522, 0.154338, -0.981817, -0.459003, 45.9881, 417.612, 0.365663, -0.483335, 0.29977, 0.521147, 0.595746
5447, 90.8574, 0.951311, 1, 0.104465, 0.279806, -0.954356, -0.120001, 0.158646, -0.980016, 0.48757, 46.5171, 417.71, 0.364165, -0.482586, 0.305328, 0.50655, 0.592205
5448, 90.8741, 0.953268, 1, 0.0743466, 0.261157, -0.962429, -0.119601, 0.147979, -0.981732, 1.43297, 47.112, 417.525, 0.369717, -0.486678, 0.313865, 0.496595, 0.573833
5449, 90.8908, 0.950854, 1, 0.111274, 0.264946, -0.957821, -0.133082, 0.153715, -0.979112, 2.55956, 47.6855, 418.507, 0.372015, -0.486628, 0.31873, 0.508536, 0.588335
5450, 90.9075, 0.949701, 1, 0.105844, 0.274242, -0.955818, -0.131381, 0.147149, -0.98035, 3.37822, 48.1904, 419.024, 0.372301, -0.479075, 0.326033, 0.494975, 0.587321
5451, 90.9242, 0.947139, 1, 0.109845, 0.275251, -0.955076, -0.133925, 0.144134, -0.980454, 4.43219, 48.6822, 419.382, 0.375649, -0.478049, 0.33236, 0.494138, 0.590747
5452, 90.9409, 0.94346, 1, 0.0935689, 0.227389, -0.969298, -0.147968, 0.14369, -0.978498, 5.48842, 49.1381, 419.37, 0.374679, -0.476894, 0.339457, 0.479071, 0.557853
5453, 90.9575, 0.950397, 1, 0.0731903, 0.264542, -0.961593, -0.140071, 0.134092, -0.98102, 6.71554, 49.6682, 419.046, 0.371418, -0.476966, 0.342556, 0.466262, 0.566337
5454, 90.9742, 0.957027, 1, 0.0789224, 0.265127, -0.960978, -0.136081, 0.132879, -0.981746, 7.77876, 50.1653, 419.846, 0.371003, -0.478062, 0.350833, 0.471216, 0.567851
5455, 90.9909, 0.95969, 1, 0.0706219, 0.262676, -0.962296, -0.140336, 0.133885, -0.98101, 8.71477, 50.7828, 421.519, 0.372432, -0.477913, 0.360952, 0.462363, 0.56421
5456, 91.0076, 0.958354, 1, 0.0517243, 0.213698, -0.975529, -0.15168, 0.1351, -0.979153, 9.59827, 51.2324, 422.144, 0.366464, -0.483846, 0.367551, 0.457109, 0.526929
5457, 91.0243, 0.959045, 1, 0.060611, 0.215275, -0.974671, -0.139036, 0.131511, -0.981516, 10.3405, 51.8539, 423.218, 0.366351, -0.482162, 0.375227, 0.465801, 0.530223
5458, 91.041, 0.959788, 1, 0.0664921, 0.259112, -0.963556, -0.142889, 0.120813, -0.982337, 11.0486, 52.4428, 423.839, 0.368584, -0.482162, 0.381433, 0.460162, 0.549801
5459, 91.0576, 0.959558, 1, 0.0343502, 0.202634, -0.978652, -0.144179, 0.128129, -0.981221, 11.5935, 52.8246, 424.213, 0.367685, -0.479477, 0.389563, 0.444657, 0.515486
5460, 91.0743, 0.964119, 1, 0.0175749, 0.24203, -0.97011, -0.140319, 0.107425, -0.984261, 11.7547, 53.5034, 424.824, 0.369872, -0.471557, 0.397412, 0.424015, 0.521927
5461, 91.091, 0.959977, 1, 0.0335406, 0.206119, -0.977952, -0.143125, 0.115767, -0.982911, 11.9182, 53.9987, 426.294, 0.372326, -0.463225, 0.411851, 0.424634, 0.512185
5462, 91.1077, 0.969685, 1, 0.0349276, 0.208455, -0.977408, -0.138724, 0.116182, -0.983492, 11.2515, 54.4835, 423.999, 0.416463, -0.453294, 0.444174, 0.420108, 0.550073
5463, 91.1244, 0.970281, 1, 0.01541, 0.203102, -0.979036, -0.162983, 0.111958, -0.980256, 10.6434, 55.0272, 422.647, 0.427544, -0.45033, 0.472926, 0.396568, 0.542827
5464, 91.1411, 0.97206, 1, 0.00653847, 0.199216, -0.979934, -0.16015, 0.112054, -0.980712, 10.6016, 55.6104, 423.938, 0.420552, -0.451864, 0.492829, 0.39442, 0.531234
5465, 91.1577, 0.971444, 1, 0.007706, 0.1995, -0.979867, -0.161273, 0.11061, -0.980692, 10.863, 55.9705, 425.586, 0.415436, -0.447341, 0.502692, 0.387057, 0.524689
5466, 91.1744, 0.972561, 1, -0.00231634, 0.202269, -0.979327, -0.167498, 0.118754, -0.978694, 11.3964, 56.2486, 427.045, 0.41094, -0.445402, 0.510293, 0.371589, 0.52012
5467, 91.1911, 0.972176, 1, 0.00150696, 0.202817, -0.979216, -0.157947, 0.112173, -0.981056, 12.0748, 56.4535, 428.327, 0.407972, -0.445546, 0.516994, 0.378234, 0.518209
5468, 91.2078, 0.97441, 1, -0.00136499, 0.198726, -0.980054, -0.157382, 0.11818, -0.980441, 12.8172, 56.7025, 429.994, 0.408799, -0.44462, 0.522988, 0.373686, 0.518641
5469, 91.2245, 0.972737, 1, -0.00173612, 0.202605, -0.979259, -0.164061, 0.107255, -0.980602, 13.6019, 56.7388, 429.589, 0.405171, -0.450019, 0.529231, 0.376387, 0.51068
5470, 91.2412, 0.973931, 1, -0.0312529, 0.238339, -0.970679, -0.164927, 0.104756, -0.980727, 14.4122, 56.7643, 429.149, 0.405665, -0.452786, 0.531445, 0.35484, 0.517937
5471, 91.2578, 0.972601, 1, -0.0268325, 0.231376, -0.972494, -0.160462, 0.0946775, -0.982491, 15.3381, 56.7485, 429.511, 0.402392, -0.458079, 0.533878, 0.368372, 0.510538
5472, 91.2745, 0.973127, 1, -0.0241177, 0.245337, -0.969138, -0.15934, 0.102886, -0.981848, 16.3672, 56.7432, 429.128, 0.402743, -0.463945, 0.535825, 0.371004, 0.522087
5473, 91.2912, 0.973702, 1, -0.0352599, 0.23903, -0.970372, -0.165893, 0.101846, -0.98087, 17.3437, 56.6545, 429.609, 0.395092, -0.468011, 0.535915, 0.366968, 0.507106
5474, 91.3079, 0.974367, 1, -0.00233674, 0.254014, -0.967198, -0.168461, 0.10313, -0.980298, 18.3148, 56.6865, 429.83, 0.395816, -0.474677, 0.539098, 0.386443, 0.524191
5475, 91.3246, 0.973895, 1, -0.00685715, 0.24919, -0.96843, -0.169657, 0.0998302, -0.980434, 19.1758, 56.7064, 429.103, 0.389929, -0.476225, 0.537009, 0.385663, 0.514403
5476, 91.3413, 0.974923, 1, 0.012807, 0.255687, -0.966675, -0.170156, 0.0979862, -0.980533, 19.9148, 56.6299, 428.454, 0.384474, -0.472487, 0.537618, 0.388993, 0.517732
5477, 91.3579, 0.973225, 1, -0.0305559, 0.235382, -0.971422, -0.172497, 0.0908879, -0.980808, 20.4629, 56.869, 429.491, 0.378531, -0.466213, 0.538541, 0.363103, 0.486237
5478, 91.3746, 0.975692, 1, 0.000550271, 0.251072, -0.967968, -0.174703, 0.0901361, -0.980487, 21.0001, 56.9818, 429.433, 0.380785, -0.462037, 0.541714, 0.369052, 0.5032
5479, 91.3913, 0.974263, 1, -0.0503863, 0.230955, -0.971659, -0.173225, 0.0893674, -0.980819, 21.4531, 57.0411, 428.057, 0.380564, -0.461469, 0.545587, 0.347966, 0.478676
5480, 91.408, 0.976933, 1, -0.0474544, 0.227072, -0.972721, -0.17319, 0.0902249, -0.980747, 21.8518, 57.1692, 427.83, 0.382973, -0.460392, 0.55069, 0.349532, 0.47947
5481, 91.4247, 0.978012, 1, -0.0588707, 0.223971, -0.972816, -0.174425, 0.0928905, -0.980279, 22.3984, 57.2411, 427.623, 0.384289, -0.459066, 0.554583, 0.341436, 0.475812
5482, 91.4414, 0.978882, 1, -0.0584479, 0.227891, -0.971931, -0.179153, 0.0910848, -0.979596, 22.9439, 57.3393, 427.507, 0.384722, -0.456517, 0.555071, 0.335805, 0.475522
5483, 91.458, 0.979798, 1, -0.0450273, 0.242372, -0.969138, -0.180356, 0.0904045, -0.979438, 23.5392, 57.3917, 427.909, 0.381959, -0.454197, 0.555658, 0.335261, 0.482819
5484, 91.4747, 0.979755, 1, -0.0743917, 0.236364, -0.968813, -0.181982, 0.0923948, -0.978951, 24.2417, 57.3482, 427.641, 0.383879, -0.457015, 0.556743, 0.323672, 0.473676
5485, 91.4914, 0.979855, 1, -0.0696989, 0.233888, -0.969762, -0.185356, 0.0946389, -0.978104, 24.9641, 57.2983, 426.792, 0.379374, -0.45768, 0.55506, 0.324166, 0.470824
5486, 91.5081, 0.979812, 1, -0.0448154, 0.236202, -0.97067, -0.18301, 0.0932872, -0.978675, 25.849, 57.2686, 426.277, 0.377847, -0.46574, 0.551652, 0.346785, 0.478813
5487, 91.5248, 0.979129, 1, -0.0630178, 0.239719, -0.968795, -0.181074, 0.094959, -0.978874, 26.5073, 57.37, 426.788, 0.374979, -0.461239, 0.549952, 0.330845, 0.473659
5488, 91.5415, 0.977724, 1, -0.0612308, 0.230814, -0.971069, -0.182277, 0.0893184, -0.979182, 27.304, 57.4018, 426.371, 0.371091, -0.462845, 0.54353, 0.335812, 0.465169
5489, 91.5581, 0.977529, 1, -0.0495021, 0.227905, -0.972424, -0.177331, 0.0894838, -0.980075, 28.0038, 57.4917, 425.779, 0.369576, -0.465012, 0.53884, 0.346929, 0.468495
5490, 91.5748, 0.976774, 1, -0.0454175, 0.230865, -0.971925, -0.182033, 0.0911708, -0.979057, 28.6137, 57.6251, 425.407, 0.372789, -0.465845, 0.537001, 0.346905, 0.473454
5491, 91.5915, 0.977615, 1, -0.0303859, 0.248209, -0.96823, -0.179858, 0.0967577, -0.978922, 29.1493, 57.8406, 425.812, 0.372056, -0.464432, 0.536099, 0.348125, 0.487871
5492, 91.6082, 0.978238, 1, -0.0477219, 0.243996, -0.968601, -0.181962, 0.0915421, -0.979035, 29.6407, 58.1472, 425.903, 0.376969, -0.466333, 0.536926, 0.343118, 0.482284
5493, 91.6249, 0.97832, 1, -0.0348577, 0.244685, -0.968976, -0.176124, 0.0903095, -0.980217, 29.8656, 58.2605, 425.607, 0.374194, -0.459289, 0.534718, 0.344316, 0.485116
5494, 91.6416, 0.978361, 1, -0.0531376, 0.234467, -0.970671, -0.181812, 0.0903976, -0.979169, 30.2916, 58.7165, 425.234, 0.381466, -0.460478, 0.537281, 0.336329, 0.48009
5495, 91.6582, 0.980124, 1, -0.0570557, 0.23199, -0.971043, -0.185065, 0.0891095, -0.978678, 30.7895, 59.114, 424.845, 0.387383, -0.465069, 0.538501, 0.340057, 0.481777
5496, 91.6749, 0.980207, 1, -0.0498125, 0.230335, -0.971836, -0.193666, 0.0883, -0.977086, 31.0579, 59.4647, 424.231, 0.391004, -0.45994, 0.535788, 0.334051, 0.483934
5497, 91.6916, 0.982362, 1, -0.0545497, 0.232458, -0.971075, -0.192121, 0.0932023, -0.976936, 31.3891, 60.0284, 425.191, 0.394689, -0.45946, 0.537425, 0.330657, 0.48855
5498, 91.7083, 0.981585, 1, -0.0697525, 0.233928, -0.969749, -0.195161, 0.0916593, -0.976479, 31.4442, 60.6559, 426.451, 0.400816, -0.455173, 0.542714, 0.317291, 0.486203
5499, 91.725, 0.978589, 1, -0.057313, 0.197157, -0.978695, -0.19813, 0.0967591, -0.975388, 31.4218, 61.2003, 427.474, 0.411346, -0.451684, 0.547646, 0.328258, 0.481443
5500, 91.7417, 0.979299, 1, -0.0562891, 0.19705, -0.978776, -0.201993, 0.0884767, -0.975382, 31.938, 61.6473, 427.996, 0.405246, -0.451885, 0.543912, 0.328125, 0.471944
5501, 91.7583, 0.970627, 1, -0.052754, 0.20148, -0.978071, -0.206392, 0.0879515, -0.974508, 32.3964, 61.6632, 427.349, 0.396659, -0.457248, 0.541277, 0.331826, 0.466286
5502, 91.775, 0.965095, 1, -0.0529144, 0.199127, -0.978544, -0.207499, 0.0826823, -0.974735, 32.6077, 61.8091, 426.89, 0.387977, -0.457663, 0.536356, 0.332871, 0.455481
5503, 91.7917, 0.964545, 1, -0.0475596, 0.200944, -0.978447, -0.219889, 0.0819959, -0.972073, 33.0039, 61.7025, 426.513, 0.389248, -0.459386, 0.535163, 0.331145, 0.455445
5504, 91.8084, 0.967276, 1, -0.0429189, 0.247237, -0.968004, -0.204782, 0.0839303, -0.975203, 33.0235, 61.4447, 425.991, 0.377103, -0.457626, 0.529769, 0.326208, 0.47269
5505, 91.8251, 0.966149, 1, -0.0467562, 0.202856, -0.978092, -0.195563, 0.100315, -0.975547, 33.2296, 61.0609, 425.561, 0.374758, -0.461724, 0.528973, 0.342164, 0.4597
5506, 91.8418, 0.969822, 1, -0.0591906, 0.199985, -0.97801, -0.206317, 0.0815462, -0.975081, 33.4972, 60.7397, 425.165, 0.37584, -0.470811, 0.531936, 0.346241, 0.444643
5507, 91.8584, 0.976006, 1, -0.07924, 0.229147, -0.970161, -0.191419, 0.0910867, -0.977273, 33.4279, 60.2475, 424.182, 0.375736, -0.471646, 0.531294, 0.335325, 0.460631
5508, 91.8751, 0.9785, 1, -0.0698541, 0.237981, -0.968754, -0.195203, 0.0914615, -0.976489, 33.2165, 59.7986, 423.852, 0.372681, -0.465807, 0.528106, 0.328793, 0.463988
5509, 91.8918, 0.977992, 1, -0.0637766, 0.2325, -0.970503, -0.19799, 0.0989982, -0.975192, 32.9781, 59.2763, 423.37, 0.367816, -0.458346, 0.526396, 0.320558, 0.461627
5510, 91.9085, 0.980325, 1, -0.0428159, 0.247782, -0.967869, -0.198167, 0.0940805, -0.975643, 32.6969, 58.85, 422.272, 0.369541, -0.456168, 0.524819, 0.326046, 0.474312
5511, 91.9252, 0.979629, 1, -0.0454148, 0.246915, -0.967972, -0.202646, 0.0898982, -0.975117, 32.5248, 58.623, 422.546, 0.369117, -0.456232, 0.523145, 0.323878, 0.470166
5512, 91.9419, 0.978355, 1, -0.0457289, 0.248911, -0.967446, -0.195544, 0.0922458, -0.976347, 32.2399, 58.3031, 422.341, 0.365118, -0.454761, 0.520239, 0.32431, 0.470572
5513, 91.9585, 0.979404, 1, -0.0573629, 0.241543, -0.968693, -0.196136, 0.0852076, -0.976868, 32.0866, 58.0187, 422.738, 0.366615, -0.457668, 0.520232, 0.325718, 0.462053
5514, 91.9752, 0.977848, 1, -0.0643537, 0.238489, -0.969011, -0.206279, 0.0922994, -0.97413, 31.7372, 57.6197, 422.373, 0.363833, -0.456617, 0.516683, 0.315008, 0.457075
5515, 91.9919, 0.978728, 1, -0.0554684, 0.235032, -0.970404, -0.19882, 0.0926242, -0.975649, 31.624, 57.3013, 422.911, 0.365378, -0.461205, 0.514096, 0.330361, 0.461989
5516, 92.0086, 0.977924, 1, -0.0467384, 0.245139, -0.968361, -0.206784, 0.10174, -0.973082, 31.4183, 56.7499, 422.179, 0.359626, -0.462024, 0.511235, 0.32686, 0.466218
5517, 92.0253, 0.978515, 1, -0.0344022, 0.247482, -0.968282, -0.196024, 0.0936145, -0.97612, 31.1176, 56.2325, 422.135, 0.354924, -0.462759, 0.506977, 0.340925, 0.466417
5518, 92.042, 0.977476, 1, -0.049247, 0.246182, -0.967972, -0.207458, 0.0990014, -0.973221, 31.0712, 55.7635, 422.191, 0.354911, -0.466808, 0.505742, 0.332095, 0.460842
5519, 92.0586, 0.980878, 1, -0.0647618, 0.235583, -0.969694, -0.187652, 0.0931692, -0.977807, 31.0319, 55.211, 422.123, 0.353836, -0.465778, 0.502959, 0.337232, 0.454189
5520, 92.0753, 0.979541, 1, -0.048644, 0.238278, -0.969978, -0.189805, 0.104391, -0.976256, 30.9148, 54.5324, 421.204, 0.345232, -0.466704, 0.498018, 0.341476, 0.457968
5521, 92.092, 0.981081, 1, -0.0640384, 0.236277, -0.969573, -0.183301, 0.0967653, -0.978283, 31.0127, 54.086, 420.949, 0.343777, -0.469625, 0.49686, 0.342578, 0.450268
5522, 92.1087, 0.981436, 1, -0.0622189, 0.237324, -0.969436, -0.185248, 0.100459, -0.977544, 30.9897, 53.7109, 420.793, 0.337224, -0.468912, 0.494079, 0.339995, 0.446809
5523, 92.1254, 0.981155, 1, -0.0588633, 0.242029, -0.968482, -0.179469, 0.10525, -0.978117, 31.003, 53.4989, 420.667, 0.335122, -0.469479, 0.493411, 0.343067, 0.451551
5524, 92.1421, 0.980717, 1, -0.06387, 0.238632, -0.969007, -0.185062, 0.101316, -0.97749, 31.0179, 53.3836, 420.294, 0.333088, -0.4746, 0.491434, 0.34545, 0.443632
5525, 92.1587, 0.981433, 1, -0.0666087, 0.235945, -0.969481, -0.184777, 0.0949762, -0.978181, 31.1429, 53.3474, 419.98, 0.331974, -0.473274, 0.489761, 0.344351, 0.438058
5526, 92.1754, 0.981191, 1, -0.0666188, 0.236062, -0.969452, -0.186498, 0.0947079, -0.97788, 31.2351, 53.4103, 420.166, 0.33203, -0.475863, 0.489885, 0.346325, 0.437673
5527, 92.1921, 0.981212, 1, -0.0669297, 0.232571, -0.970274, -0.183214, 0.0968523, -0.97829, 31.4292, 53.4833, 420.495, 0.333327, -0.477997, 0.489969, 0.351053, 0.438974
5528, 92.2088, 0.980759, 1, -0.0823992, 0.237869, -0.967796, -0.182626, 0.10119, -0.977961, 31.8698, 53.56, 420.655, 0.331891, -0.484964, 0.490912, 0.349015, 0.438193
5529, 92.2255, 0.980119, 1, -0.083733, 0.235108, -0.968356, -0.180481, 0.107245, -0.977714, 31.9373, 53.5268, 419.647, 0.329342, -0.485929, 0.490043, 0.349893, 0.43779
5530, 92.2422, 0.980291, 1, -0.0514031, 0.244018, -0.968408, -0.181679, 0.0954746, -0.978712, 32.0295, 53.5472, 418.687, 0.32537, -0.487475, 0.488123, 0.367547, 0.442283
5531, 92.2588, 0.97917, 1, -0.0599791, 0.242294, -0.968347, -0.188418, 0.0982491, -0.977162, 32.355, 53.5914, 418.708, 0.326682, -0.490332, 0.488023, 0.363037, 0.439875
5532, 92.2755, 0.979252, 1, -0.0601498, 0.23799, -0.969403, -0.180215, 0.0978545, -0.978748, 32.3978, 53.7236, 418.574, 0.327027, -0.489579, 0.486908, 0.367473, 0.440427
5533, 92.2922, 0.978098, 1, -0.067929, 0.237029, -0.969125, -0.184882, 0.0983765, -0.977824, 32.7213, 53.7595, 417.967, 0.325445, -0.49339, 0.485566, 0.365345, 0.436075
5534, 92.3089, 0.975356, 1, -0.0769645, 0.242711, -0.967041, -0.190979, 0.101044, -0.97638, 32.9905, 53.8191, 418.619, 0.323729, -0.499451, 0.486404, 0.363008, 0.434089
5535, 92.3256, 0.976368, 1, -0.0725324, 0.241833, -0.967603, -0.190382, 0.0993418, -0.976671, 33.2447, 53.889, 418.227, 0.325667, -0.499208, 0.486091, 0.366143, 0.436042
5536, 92.3423, 0.973216, 1, -0.036079, 0.211588, -0.976693, -0.196437, 0.109709, -0.974359, 33.3744, 53.9154, 418.215, 0.320641, -0.49525, 0.484763, 0.381255, 0.43101
5537, 92.3589, 0.966529, 1, -0.0366044, 0.213592, -0.976237, -0.197254, 0.112016, -0.973932, 33.7121, 53.9668, 418.295, 0.317206, -0.501746, 0.484512, 0.386766, 0.429358
5538, 92.3756, 0.963001, 1, -0.0328054, 0.218771, -0.975225, -0.201899, 0.110104, -0.973198, 33.9532, 54.0436, 418.789, 0.309697, -0.503749, 0.482613, 0.387249, 0.42407
5539, 92.3923, 0.955743, 1, -0.0318857, 0.22458, -0.973934, -0.207773, 0.107085, -0.972298, 34.1849, 54.1593, 419.023, 0.309577, -0.507933, 0.483288, 0.389013, 0.423887
5540, 92.409, 0.956973, 1, -0.0620088, 0.256221, -0.964627, -0.190559, 0.106319, -0.975901, 34.4141, 54.3949, 419.377, 0.310734, -0.504951, 0.480009, 0.372451, 0.43595
5541, 92.4257, 0.956476, 1, -0.0580069, 0.262315, -0.963237, -0.205901, 0.0989342, -0.973559, 34.7377, 54.5322, 419.095, 0.3108, -0.51196, 0.477969, 0.375056, 0.433026
5542, 92.4424, 0.953263, 1, -0.0688461, 0.257818, -0.963738, -0.2092, 0.102787, -0.972456, 35.1111, 54.8144, 419.782, 0.3118, -0.51068, 0.478132, 0.366411, 0.429876
5543, 92.459, 0.954774, 1, -0.0788002, 0.252221, -0.964456, -0.215045, 0.0889469, -0.972545, 35.45, 54.9412, 418.913, 0.314909, -0.512289, 0.477106, 0.364486, 0.420283
5544, 92.4757, 0.953172, 1, -0.0739588, 0.255397, -0.964004, -0.209906, 0.109329, -0.97159, 35.7238, 55.1669, 418.808, 0.316392, -0.513959, 0.47519, 0.367129, 0.435174
5545, 92.4924, 0.953625, 1, -0.0788828, 0.257874, -0.962953, -0.211898, 0.104665, -0.971671, 36.0184, 55.4107, 418.241, 0.32333, -0.516891, 0.475746, 0.367995, 0.438518
5546, 92.5091, 0.953529, 1, -0.0954715, 0.249452, -0.96367, -0.222696, 0.0879005, -0.970917, 36.2865, 55.7043, 418.063, 0.33072, -0.518031, 0.476581, 0.361341, 0.425631
5547, 92.5258, 0.956778, 1, -0.0799975, 0.249452, -0.965077, -0.21748, 0.097803, -0.971153, 36.5073, 55.9827, 418.538, 0.337376, -0.515176, 0.476783, 0.367166, 0.441847
5548, 92.5425, 0.959132, 1, -0.0777605, 0.255482, -0.963682, -0.222097, 0.0885404, -0.970996, 36.7576, 56.1258, 418.486, 0.347225, -0.515374, 0.477478, 0.367281, 0.448435
5549, 92.5591, 0.974343, 1, -0.0645964, 0.249332, -0.966261, -0.222914, 0.0908341, -0.970597, 36.8796, 55.9835, 418.712, 0.359595, -0.507439, 0.477168, 0.366308, 0.461069
5550, 92.5758, 0.975779, 1, -0.0638899, 0.27083, -0.960505, -0.223787, 0.10872, -0.968555, 37.2166, 55.3033, 419.3, 0.357185, -0.499608, 0.472157, 0.347805, 0.477637
5551, 92.5925, 0.976027, 1, -0.0636503, 0.284272, -0.956628, -0.20927, 0.140028, -0.96778, 37.8678, 54.2767, 419.197, 0.352691, -0.497174, 0.462447, 0.34221, 0.500304
5552, 92.6092, 0.976009, 1, -0.0401636, 0.298349, -0.953611, -0.196399, 0.155628, -0.968095, 38.7492, 52.6188, 419.646, 0.335085, -0.507323, 0.448156, 0.365729, 0.511973
5553, 92.6259, 0.9785, 1, -0.0213926, 0.306816, -0.951528, -0.196694, 0.155448, -0.968064, 39.4974, 50.4859, 418.149, 0.319232, -0.514659, 0.43012, 0.383092, 0.511215
5554, 92.6426, 0.977419, 1, -0.02887, 0.276791, -0.960496, -0.194338, 0.153266, -0.968887, 40.1178, 47.9942, 417.251, 0.300012, -0.521406, 0.410465, 0.395299, 0.480987
6532, 108.959, 0.961546, 1, 0.343011, 0.265954, -0.900895, 0.0242964, 0.330042, -0.943653, -30.132, 17.1707, 406.272, -0.0191278, -0.175014, -0.257337, 0.470769, 0.276267
6533, 108.976, 0.963841, 1, 0.340477, 0.264909, -0.902164, 0.0358208, 0.327218, -0.94427, -29.9604, 16.4147, 405.365, -0.0253514, -0.170643, -0.257067, 0.469122, 0.26714
6534, 108.992, 0.96165, 1, 0.348503, 0.267891, -0.89821, -0.00481318, 0.334126, -0.942516, -29.8019, 15.7945, 405.689, -0.0263375, -0.168726, -0.255824, 0.451771, 0.275365
6535, 109.009, 0.96331, 1, 0.341721, 0.269664, -0.900282, 0.0225655, 0.323765, -0.945868, -29.7814, 15.2188, 405.67, -0.031133, -0.165131, -0.254666, 0.455494, 0.26285
6536, 109.026, 0.966622, 1, 0.345341, 0.263314, -0.90078, 0.026407, 0.323201, -0.945962, -29.802, 14.7118, 406.571, -0.0365124, -0.163759, -0.251746, 0.456044, 0.253695
6537, 109.042, 0.965263, 1, 0.346842, 0.26598, -0.899419, 0.00820509, 0.32124, -0.946962, -29.4544, 14.3236, 405.643, -0.0390762, -0.162807, -0.248318, 0.44636, 0.254717
6538, 109.059, 0.965095, 1, 0.346583, 0.253709, -0.903057, 0.000994325, 0.317393, -0.948294, -29.1772, 14.0376, 404.975, -0.0403798, -0.164897, -0.244774, 0.441882, 0.245898
6539, 109.076, 0.966544, 1, 0.348917, 0.267596, -0.898136, 0.000538588, 0.327719, -0.944775, -28.8518, 13.8404, 404.789, -0.0439056, -0.167592, -0.240176, 0.448552, 0.257691
6540, 109.092, 0.965402, 1, 0.341008, 0.287332, -0.895072, -0.00423991, 0.334086, -0.942533, -28.5152, 13.7348, 403.228, -0.0473068, -0.166932, -0.234034, 0.443636, 0.271656
6541, 109.109, 0.965456, 1, 0.334378, 0.280982, -0.899578, -0.00284768, 0.326714, -0.945119, -28.2765, 13.8766, 403.417, -0.0451599, -0.167617, -0.229304, 0.437886, 0.267254
6542, 109.126, 0.96314, 1, 0.330458, 0.279586, -0.90146, -0.0159448, 0.318682, -0.947727, -27.9118, 14.088, 402.727, -0.0411155, -0.168234, -0.222598, 0.426934, 0.269098
6543, 109.142, 0.962006, 1, 0.321555, 0.28801, -0.902027, -0.00706371, 0.326946, -0.945017, -27.9388, 14.1931, 404.896, -0.0440242, -0.162543, -0.215202, 0.420267, 0.27814
6544, 109.159, 0.961848, 1, 0.335139, 0.285391, -0.897905, -0.00527127, 0.324244, -0.945959, -27.4361, 14.3361, 403.822, -0.0433731, -0.165586, -0.210727, 0.430289, 0.276326
6545, 109.176, 0.961635, 1, 0.339125, 0.285978, -0.89622, -0.00928813, 0.326466, -0.945163, -27.2956, 14.2767, 405.07, -0.0513609, -0.161448, -0.20566, 0.425176, 0.271896
6546, 109.192, 0.963756, 1, 0.333238, 0.275975, -0.901549, -0.0114688, 0.325785, -0.945374, -26.8628, 14.336, 405.495, -0.053525, -0.166258, -0.199674, 0.423601, 0.265358
6547, 109.209, 0.963724, 1, 0.34089, 0.270256, -0.90042, -0.0180484, 0.320631, -0.947032, -26.5343, 14.3109, 405.58, -0.0570833, -0.163997, -0.193583, 0.418614, 0.257525
6548, 109.226, 0.96402, 1, 0.343866, 0.279652, -0.89641, -0.0138095, 0.330118, -0.943839, -26.1922, 14.1225, 406.169, -0.0587798, -0.165791, -0.189248, 0.425578, 0.267604
6549, 109.242, 0.964024, 1, 0.328311, 0.267796, -0.905813, -0.0419882, 0.316003, -0.947829, -25.7037, 13.9078, 406.498, -0.0630305, -0.165281, -0.184191, 0.397867, 0.252081
6550, 109.259, 0.96302, 1, 0.321091, 0.275854, -0.905983, -0.0556367, 0.309201, -0.949368, -25.2345, 13.5567, 406.26, -0.0701219, -0.167831, -0.17817, 0.388384, 0.247894
6551, 109.276, 0.96365, 1, 0.323625, 0.284107, -0.902524, -0.0426597, 0.322946, -0.945455, -24.9028, 13.1102, 406.3, -0.0730846, -0.166996, -0.173527, 0.396158, 0.257594
6552, 109.293, 0.963881, 1, 0.315229, 0.277118, -0.907654, -0.0395533, 0.319372, -0.946804, -24.4739, 12.7087, 406.729, -0.0749704, -0.166974, -0.168197, 0.390321, 0.250689
6553, 109.309, 0.963032, 1, 0.315021, 0.28085, -0.906579, -0.0378978, 0.317784, -0.947405, -24.1362, 12.2761, 407.338, -0.0781028, -0.16714, -0.164293, 0.389859, 0.249216
6554, 109.326, 0.961977, 1, 0.324956, 0.284837, -0.901816, -0.0559371, 0.325592, -0.943854, -23.8263, 11.803, 407.243, -0.0788052, -0.165613, -0.159243, 0.383565, 0.257288
7070, 117.934, 0.978405, 1, 0.18605, 0.351422, -0.917544, -2.89298e-05, 0.305917, -0.952058, -9.82581, 21.3041, 402.928, 0.0778845, -0.339308, 0.168331, 0.437608, 0.480143
7071, 117.951, 0.976832, 1, 0.191412, 0.353485, -0.915647, 0.0011479, 0.306621, -0.951831, -9.48192, 21.2716, 402.641, 0.0785947, -0.34133, 0.168314, 0.443293, 0.484123
7072, 117.968, 0.977184, 1, 0.18107, 0.347225, -0.920135, -0.00184122, 0.306547, -0.951854, -9.06749, 21.1693, 402.506, 0.0779113, -0.350983, 0.169414, 0.447743, 0.478149
7073, 117.985, 0.97944, 1, 0.183748, 0.352261, -0.917687, 0.00396494, 0.307831, -0.951433, -8.70566, 20.9946, 402.348, 0.0741998, -0.358083, 0.168972, 0.460207, 0.480573
7074, 118.001, 0.978115, 1, 0.187436, 0.347377, -0.918802, 0.00526012, 0.295932, -0.955194, -8.33479, 20.8197, 401.927, 0.0700986, -0.367084, 0.167789, 0.474228, 0.469563
7075, 118.018, 0.980243, 1, 0.182563, 0.347843, -0.919606, 0.00291651, 0.299622, -0.954053, -8.04686, 20.6234, 402.399, 0.0673857, -0.371058, 0.168076, 0.474648, 0.46778
7076, 118.035, 0.981208, 1, 0.175639, 0.341034, -0.923497, -0.00336053, 0.280317, -0.959902, -7.76184, 20.2344, 402.317, 0.0582535, -0.370885, 0.16765, 0.467574, 0.442002
7077, 118.051, 0.981427, 1, 0.183239, 0.355611, -0.916496, 0.0167394, 0.265627, -0.963931, -7.24262, 19.4811, 404.377, 0.0143196, -0.388769, 0.159748, 0.499956, 0.407095
7078, 118.068, 0.970579, 1, 0.178153, 0.36048, -0.915596, 0.0112132, 0.280927, -0.959664, -6.77712, 18.864, 404.903, -0.0113624, -0.388212, 0.153334, 0.489596, 0.392409
7079, 118.085, 0.970142, 1, 0.185195, 0.356539, -0.915742, 0.0254287, 0.296489, -0.954698, -6.35403, 18.5563, 405.214, -0.014544, -0.394469, 0.150563, 0.507599, 0.400309
7080, 118.101, 0.969681, 1, 0.191322, 0.350221, -0.91692, 0.0237673, 0.287133, -0.957596, -5.96924, 18.3872, 405.682, -0.0158209, -0.397202, 0.148155, 0.51418, 0.391274
7081, 118.118, 0.968836, 1, 0.169887, 0.357838, -0.9182, -0.00169818, 0.330851, -0.943682, -5.67335, 18.2335, 406.11, -0.015325, -0.39827, 0.144693, 0.487246, 0.411872
7082, 118.135, 0.968052, 1, 0.148774, 0.354144, -0.923281, -0.022825, 0.337898, -0.940906, -5.36915, 18.0707, 406.706, -0.0126967, -0.3968, 0.143121, 0.462415, 0.408365
7083, 118.151, 0.96949, 1, 0.157699, 0.357173, -0.920629, -0.0381418, 0.317195, -0.947593, -5.03539, 17.9213, 407.055, -0.0143222, -0.402016, 0.140812, 0.467069, 0.397073
7084, 118.168, 0.968607, 1, 0.148798, 0.359144, -0.921344, -0.0364762, 0.323833, -0.945411, -4.66408, 17.7464, 406.953, -0.0123457, -0.404428, 0.140442, 0.46526, 0.402707
7085, 118.185, 0.971, 1, 0.155526, 0.349945, -0.92377, -0.0295183, 0.328941, -0.943889, -4.21209, 17.5441, 407.07, -0.0111663, -0.404961, 0.138448, 0.473678, 0.404488
7086, 118.201, 0.974123, 1, 0.153092, 0.357342, -0.921341, -0.0213656, 0.327381, -0.944651, -4.07399, 17.4887, 407.342, -0.00973812, -0.403466, 0.137348, 0.47479, 0.409763
7087, 118.218, 0.973741, 1, 0.157679, 0.34949, -0.923577, -0.0563519, 0.258466, -0.964375, -3.64875, 17.3039, 408.114, -0.00994464, -0.408358, 0.136539, 0.469941, 0.363107
7088, 118.235, 0.977681, 1, 0.154337, 0.348399, -0.924553, -0.0583878, 0.261142, -0.963533, -3.36053, 17.0961, 407.818, -0.0098272, -0.406163, 0.13619, 0.463992, 0.363282
7089, 118.251, 0.977605, 1, 0.145931, 0.340174, -0.92897, -0.0567533, 0.262137, -0.96336, -3.10959, 16.8886, 408.886, -0.0112617, -0.408314, 0.133774, 0.463874, 0.356713
7090, 118.268, 0.979897, 1, 0.136945, 0.342491, -0.929487, -0.0561133, 0.260059, -0.963961, -2.8168, 16.6573, 408.507, -0.00921075, -0.40911, 0.132882, 0.460271, 0.357728
7091, 118.285, 0.980653, 1, 0.134765, 0.336012, -0.932166, -0.0572877, 0.260718, -0.963714, -2.55624, 16.4174, 408.624, -0.00786145, -0.408423, 0.131324, 0.458522, 0.35524
7092, 118.302, 0.980382, 1, 0.136051, 0.337488, -0.931446, -0.058382, 0.258288, -0.964302, -2.41181, 16.3221, 408.827, -0.00717214, -0.408976, 0.130484, 0.459725, 0.355529
7093, 118.318, 0.979114, 1, 0.143725, 0.337481, -0.930295, -0.0567851, 0.260395, -0.963831, -2.16793, 16.0522, 409.037, -0.00768763, -0.407451, 0.129652, 0.462463, 0.357729
7094, 118.335, 0.975485, 1, 0.154625, 0.341066, -0.927235, -0.0561197, 0.262508, -0.963297, -2.03737, 15.7496, 408.957, -0.0075532, -0.400074, 0.129427, 0.458583, 0.362373
7095, 118.352, 0.969153, 1, 0.134118, 0.340609, -0.93059, -0.0503809, 0.262808, -0.963532, -1.97095, 15.5812, 409.459, -0.00732499, -0.396813, 0.128619, 0.446439, 0.359726
7096, 118.368, 0.959959, 1, 0.133716, 0.349045, -0.927517, -0.0554059, 0.267997, -0.961825, -1.61226, 15.3185, 409.118, -0.0130186, -0.405174, 0.12493, 0.453299, 0.363319
7097, 118.385, 0.952493, 1, 0.14598, 0.345432, -0.92702, -0.0570076, 0.268059, -0.961714, -1.43461, 15.0821, 408.578, -0.016967, -0.408972, 0.123356, 0.463721, 0.360733
7098, 118.402, 0.951926, 1, 0.145436, 0.354046, -0.923851, -0.0184869, 0.328996, -0.94415, -1.25489, 14.9145, 408.452, -0.0204006, -0.418126, 0.121995, 0.490701, 0.403424
7099, 118.418, 0.951414, 1, 0.144807, 0.344832, -0.927428, -0.0567399, 0.261021, -0.963664, -1.26327, 14.802, 407.923, -0.0224786, -0.415258, 0.121522, 0.471183, 0.352356
7100, 118.435, 0.950341, 1, 0.117617, 0.341953, -0.932328, -0.078013, 0.262345, -0.961815, -1.37657, 14.8057, 407.742, -0.0243104, -0.416811, 0.120472, 0.448164, 0.342306
7101, 118.452, 0.950809, 1, 0.132313, 0.343592, -0.929752, -0.0849261, 0.260867, -0.961632, -1.55176, 14.9439, 407.433, -0.0222811, -0.414667, 0.120681, 0.449546, 0.345934
7102, 118.468, 0.949762, 1, 0.175185, 0.345298, -0.921997, -0.106216, 0.25339, -0.961515, -1.79714, 15.1203, 406.888, -0.0217329, -0.415815, 0.12144, 0.462867, 0.348364
7103, 118.485, 0.94975, 1, 0.204088, 0.353024, -0.913084, -0.111417, 0.244738, -0.963167, -2.19904, 15.4795, 407.144, -0.0213063, -0.41622, 0.123329, 0.476253, 0.352537
7104, 118.502, 0.951313, 1, 0.19258, 0.358172, -0.913578, -0.12356, 0.250813, -0.960117, -2.83157, 15.8159, 407.029, -0.0149206, -0.405207, 0.128231, 0.450142, 0.359898
7105, 118.518, 0.955034, 1, 0.198447, 0.347874, -0.916298, -0.135754, 0.293692, -0.946211, -3.25594, 16.2663, 406.043, -0.00825039, -0.401146, 0.132714, 0.439493, 0.383001
7106, 118.535, 0.95829, 1, 0.211691, 0.355957, -0.91021, -0.134993, 0.291008, -0.947149, -3.83755, 16.8431, 404.925, 0.0039967, -0.391715, 0.138526, 0.435835, 0.398925
7107, 118.552, 0.961376, 1, 0.182911, 0.359521, -0.915035, -0.130401, 0.293442, -0.947041, -4.60623, 17.3422, 404.259, 0.0124615, -0.371284, 0.145447, 0.397237, 0.402422
7108, 118.568, 0.965969, 1, 0.168928, 0.363573, -0.916121, -0.131024, 0.295027, -0.946463, -5.17063, 18.0028, 403.541, 0.0200306, -0.362935, 0.150935, 0.378269, 0.408569
7109, 118.585, 0.969305, 1, 0.122657, 0.354123, -0.92712, -0.139213, 0.286354, -0.947956, -5.69686, 18.5237, 403.308, 0.027925, -0.351708, 0.156834, 0.336462, 0.395404
7110, 118.602, 0.968702, 1, 0.128968, 0.361118, -0.923559, -0.138526, 0.29507, -0.94538, -6.19541, 18.981, 403.682, 0.0371263, -0.337358, 0.161484, 0.320803, 0.411568
7111, 118.619, 0.96939, 1, 0.14839, 0.344467, -0.926997, -0.151303, 0.27346, -0.949909, -6.57166, 19.4223, 403.735, 0.0412149, -0.323579, 0.164512, 0.310261, 0.394917
7112, 118.635, 0.969746, 1, 0.135078, 0.331813, -0.933624, -0.165772, 0.260102, -0.951245, -6.96441, 19.6232, 403.297, 0.0442904, -0.310579, 0.165613, 0.281333, 0.379028
7113, 118.652, 0.967882, 1, 0.145355, 0.338623, -0.929627, -0.156573, 0.272116, -0.949441, -7.16177, 19.7575, 404.676, 0.043705, -0.307979, 0.166738, 0.286782, 0.389899
7114, 118.669, 0.969466, 1, 0.152329, 0.331003, -0.931253, -0.14266, 0.272585, -0.951496, -7.4631, 19.5939, 405.831, 0.0326625, -0.297406, 0.165492, 0.285148, 0.377049
7115, 118.685, 0.963632, 1, 0.128187, 0.344109, -0.930138, -0.16224, 0.283188, -0.945242, -7.5955, 19.3225, 404.263, 0.0274357, -0.289021, 0.161369, 0.25019, 0.380177
7116, 118.702, 0.963598, 1, 0.12432, 0.345349, -0.930204, -0.180228, 0.280954, -0.942647, -7.67753, 19.0836, 403.001, 0.020495, -0.289756, 0.159041, 0.240626, 0.371778
7117, 118.719, 0.960681, 1, 0.134326, 0.342609, -0.929825, -0.177928, 0.280752, -0.943144, -7.96876, 18.7437, 403.794, 0.0186399, -0.291319, 0.158498, 0.250717, 0.370545
7118, 118.735, 0.957717, 1, 0.125439, 0.348398, -0.928916, -0.177665, 0.295384, -0.938714, -8.32724, 18.432, 404.084, 0.0195908, -0.288306, 0.158751, 0.241596, 0.381167
7119, 118.752, 0.956478, 1, 0.11946, 0.354, -0.927585, -0.160969, 0.292906, -0.942494, -8.75282, 18.1568, 404.302, 0.0155986, -0.28213, 0.159257, 0.239962, 0.379641
7120, 118.769, 0.954637, 1, 0.113623, 0.355602, -0.927705, -0.158694, 0.292473, -0.943014, -9.22887, 18.0794, 404.668, 0.0134101, -0.276931, 0.159548, 0.231952, 0.377154
7121, 118.785, 0.948967, 1, 0.136651, 0.352992, -0.925593, -0.148936, 0.29878, -0.942629, -9.77364, 18.1865, 404.706, 0.0120428, -0.268787, 0.159532, 0.239111, 0.382052
7122, 118.802, 0.949771, 1, 0.13684, 0.354398, -0.925028, -0.151881, 0.289205, -0.945141, -10.0962, 18.3757, 404.559, 0.0116444, -0.268715, 0.160161, 0.238519, 0.376982
7123, 118.819, 0.947481, 1, 0.145992, 0.355759, -0.923104, -0.147136, 0.295789, -0.943854, -10.6758, 18.7745, 403.956, 0.0212582, -0.258762, 0.162184, 0.23303, 0.391284
7124, 118.835, 0.943412, 1, 0.126952, 0.356934, -0.925463, -0.151604, 0.300499, -0.941657, -11.1549, 19.2731, 403.104, 0.0291444, -0.253637, 0.164164, 0.21355, 0.398182
7125, 118.852, 0.945993, 1, 0.14495, 0.362891, -0.920489, -0.143963, 0.303397, -0.941926, -11.491, 19.9293, 402.515, 0.0341313, -0.250517, 0.167379, 0.222417, 0.411429
7126, 118.869, 0.943361, 1, 0.134669, 0.348644, -0.92753, -0.149306, 0.2962, -0.943384, -11.9089, 20.691, 401.436, 0.046545, -0.248755, 0.170242, 0.213757, 0.409211
7127, 118.885, 0.944004, 1, 0.143014, 0.352033, -0.924997, -0.140156, 0.302127, -0.942908, -12.4633, 21.6031, 399.822, 0.0614304, -0.240618, 0.175837, 0.211652, 0.429309
7128, 118.902, 0.945183, 1, 0.137585, 0.354612, -0.924836, -0.161064, 0.296274, -0.941424, -13.0822, 22.4968, 398.045, 0.0759616, -0.228719, 0.182108, 0.182332, 0.437996
7129, 118.919, 0.947548, 1, 0.133397, 0.357995, -0.924145, -0.164622, 0.289466, -0.942926, -13.5614, 23.4142, 396.666, 0.0838457, -0.230266, 0.189255, 0.179079, 0.442632
7130, 118.935, 0.950933, 1, 0.114306, 0.356174, -0.927402, -0.157812, 0.294448, -0.942548, -14.0446, 24.1298, 395.485, 0.0946166, -0.222375, 0.194419, 0.161682, 0.451444
7131, 118.952, 0.952485, 1, 0.100551, 0.356869, -0.928727, -0.167594, 0.288867, -0.942586, -14.457, 24.6378, 395.469, 0.102099, -0.2166, 0.197892, 0.141748, 0.452237
7132, 118.969, 0.951732, 1, 0.0851195, 0.353118, -0.931699, -0.171529, 0.292452, -0.940771, -14.7394, 24.9519, 395.688, 0.101584, -0.214317, 0.197795, 0.128354, 0.448371
7133, 118.986, 0.953389, 1, 0.0700644, 0.354241, -0.932526, -0.160458, 0.29195, -0.942878, -15.194, 25.1891, 396.812, 0.103434, -0.206713, 0.197647, 0.117295, 0.448592
7134, 119.002, 0.952069, 1, 0.0787329, 0.357817, -0.930467, -0.203925, 0.29868, -0.932312, -15.4875, 25.1651, 396.935, 0.103696, -0.19839, 0.1977, 0.0856949, 0.450855
7135, 119.019, 0.955048, 1, 0.0757309, 0.358353, -0.93051, -0.207591, 0.298428, -0.931583, -15.8646, 25.0794, 397.823, 0.097246, -0.195196, 0.197366, 0.0782342, 0.444338
7136, 119.036, 0.95674, 1, 0.0767772, 0.353717, -0.932196, -0.166034, 0.295003, -0.94096, -16.315, 25.0975, 399.642, 0.0943544, -0.193095, 0.197245, 0.100177, 0.441183
7137, 119.052, 0.957635, 1, 0.0814289, 0.348307, -0.933837, -0.171235, 0.299955, -0.938459, -16.8298, 25.0496, 399.538, 0.0886129, -0.182099, 0.194414, 0.0871357, 0.436006
7138, 119.069, 0.95683, 1, 0.0776093, 0.345022, -0.93538, -0.183945, 0.296554, -0.937134, -17.3004, 25.0621, 399.646, 0.086193, -0.178937, 0.195165, 0.0748131, 0.428597
7139, 119.086, 0.959411, 1, 0.0841735, 0.34664, -0.934214, -0.201634, 0.297393, -0.933221, -17.7733, 25.0651, 398.561, 0.0878366, -0.171603, 0.196894, 0.05863, 0.431847
7140, 119.102, 0.961774, 1, 0.0946352, 0.339983, -0.935658, -0.1228, 0.285286, -0.950543, -19.0684, 25.5302, 404.269, 0.0849023, -0.16663, 0.203704, 0.103892, 0.427039
7141, 119.119, 0.964521, 1, 0.0920631, 0.340479, -0.935734, -0.132861, 0.277233, -0.951572, -19.7476, 25.6131, 404.208, 0.0828758, -0.160331, 0.207567, 0.0897258, 0.419461
7142, 119.136, 0.986371, 1, 0.0826812, 0.346357, -0.934452, -0.14341, 0.277141, -0.950067, -20.3543, 25.79, 404.409, 0.0791886, -0.157222, 0.210262, 0.074032, 0.416002
7143, 119.152, 0.986116, 1, 0.0802144, 0.357718, -0.930378, -0.157268, 0.28092, -0.946758, -21.4397, 25.8991, 403.332, 0.102601, -0.145937, 0.226589, 0.0478281, 0.445596
7144, 119.169, 0.98498, 1, 0.0901112, 0.366612, -0.926, -0.185454, 0.292014, -0.938262, -22.2919, 26.3848, 403.134, 0.112325, -0.141334, 0.236652, 0.0277994, 0.462592
7145, 119.186, 0.984075, 1, 0.090417, 0.358524, -0.929131, -0.179804, 0.273604, -0.944887, -23.2334, 26.9941, 404.028, 0.120622, -0.137446, 0.242697, 0.0297163, 0.45699
7146, 119.202, 0.983333, 1, 0.0951312, 0.323671, -0.941375, -0.184747, 0.247807, -0.951031, -24.0326, 27.4743, 405.441, 0.115871, -0.133685, 0.245677, 0.0341714, 0.421774
7147, 119.219, 0.982767, 1, 0.0833445, 0.343958, -0.935279, -0.187646, 0.261016, -0.946921, -24.5424, 27.7257, 402.973, 0.1232, -0.123867, 0.248868, 0.00817396, 0.4435
7148, 119.236, 0.983761, 1, 0.10017, 0.352093, -0.930589, -0.19649, 0.271398, -0.942197, -25.3351, 28.1146, 403.597, 0.130036, -0.114766, 0.249958, -0.00188894, 0.460454
7149, 119.252, 0.983712, 1, 0.0986227, 0.345565, -0.933198, -0.197345, 0.253692, -0.94694, -25.9349, 28.5264, 403.287, 0.143239, -0.106514, 0.250027, -0.00919053, 0.460043
7150, 119.269, 0.983282, 1, 0.105901, 0.321497, -0.94097, -0.184111, 0.242023, -0.952643, -26.4446, 28.9534, 402.843, 0.158764, -0.0989982, 0.250386, -0.000529827, 0.458154
7151, 119.286, 0.981587, 1, 0.111554, 0.304278, -0.946029, -0.171556, 0.226443, -0.958797, -27.0349, 29.5278, 401.49, 0.201306, -0.0839624, 0.250086, -0.000622059, 0.479765
7152, 119.303, 0.981451, 1, 0.110142, 0.304388, -0.946159, -0.189066, 0.220666, -0.956849, -27.304, 29.5722, 399.597, 0.214241, -0.0774267, 0.249948, -0.016896, 0.485532
7153, 119.319, 0.980396, 1, 0.114452, 0.301509, -0.946569, -0.171588, 0.218504, -0.960632, -27.7117, 29.6234, 400.096, 0.216477, -0.072431, 0.249107, -0.0101316, 0.487552
7154, 119.336, 0.979786, 1, 0.110305, 0.289904, -0.950678, -0.14492, 0.203998, -0.968185, -28.2389, 29.7411, 400.819, 0.218227, -0.066134, 0.247495, -0.00172079, 0.476964
7155, 119.353, 0.980402, 1, 0.106625, 0.303799, -0.946751, -0.162497, 0.215797, -0.962822, -28.386, 29.633, 400.098, 0.22, -0.0613855, 0.244671, -0.0230282, 0.490066
7156, 119.369, 0.978586, 1, 0.0967278, 0.320101, -0.942433, -0.146096, 0.218651, -0.964804, -28.7145, 29.6001, 399.918, 0.222164, -0.0549385, 0.244454, -0.0301602, 0.501441
7157, 119.386, 0.97835, 1, 0.100077, 0.330558, -0.938465, -0.1335, 0.215226, -0.967396, -29.0418, 29.5384, 400.574, 0.218889, -0.0531872, 0.244068, -0.023929, 0.502907
7158, 119.403, 0.977843, 1, 0.102597, 0.333988, -0.936977, -0.130768, 0.21506, -0.967806, -29.1978, 29.4839, 401.125, 0.220001, -0.0507848, 0.24328, -0.0249227, 0.506486
7159, 119.419, 0.975841, 1, 0.103839, 0.338814, -0.935106, -0.153207, 0.226603, -0.961862, -29.2047, 29.1572, 399.297, 0.211896, -0.0521178, 0.242428, -0.0362514, 0.504585
7160, 119.436, 0.979623, 1, 0.101968, 0.360034, -0.92735, -0.196496, 0.244019, -0.949655, -29.201, 27.9395, 400.903, 0.141816, -0.0645525, 0.241108, -0.0546895, 0.459598
7161, 119.453, 0.979659, 1, 0.10596, 0.375641, -0.920688, -0.196832, 0.278701, -0.939991, -29.0925, 27.3396, 398.83, 0.129534, -0.0645133, 0.240728, -0.0605515, 0.474248
7162, 119.469, 0.97994, 1, 0.105513, 0.367794, -0.923902, -0.209705, 0.257877, -0.943145, -29.2036, 27.0068, 398.519, 0.126313, -0.0649452, 0.240551, -0.0620896, 0.454791
7163, 119.486, 0.981324, 1, 0.117741, 0.377631, -0.91844, -0.163622, 0.292001, -0.942318, -29.4313, 26.4745, 398.53, 0.120245, -0.0647519, 0.239339, -0.0363329, 0.477854
7164, 119.503, 0.981858, 1, 0.129173, 0.378185, -0.916674, -0.155964, 0.29351, -0.943148, -29.5854, 26.0553, 398.563, 0.114475, -0.0635487, 0.238149, -0.0272957, 0.476049
7165, 119.519, 0.982123, 1, 0.12295, 0.377336, -0.917878, -0.16376, 0.29223, -0.942223, -29.7767, 25.5406, 398.461, 0.107032, -0.0638982, 0.236866, -0.033579, 0.466045
7166, 119.536, 0.98207, 1, 0.123107, 0.379203, -0.917088, -0.138934, 0.291065, -0.946562, -30.1694, 25.047, 399.735, 0.0997722, -0.0606697, 0.235885, -0.0233111, 0.461508
7167, 119.553, 0.983628, 1, 0.137782, 0.371377, -0.918202, -0.141965, 0.293049, -0.945499, -30.3191, 24.5572, 399.937, 0.0946896, -0.0612455, 0.233834, -0.0149354, 0.455258
7168, 119.569, 0.982752, 1, 0.132125, 0.374697, -0.917685, -0.152611, 0.291661, -0.944269, -30.5647, 23.946, 399.473, 0.0874424, -0.0575195, 0.232151, -0.0279924, 0.447326
7169, 119.586, 0.983957, 1, 0.139331, 0.372393, -0.917557, -0.152271, 0.295562, -0.94311, -30.8188, 23.4333, 399.934, 0.0820767, -0.0554685, 0.229742, -0.0257393, 0.444072
7170, 119.603, 0.984162, 1, 0.132823, 0.374046, -0.917849, -0.156859, 0.283198, -0.946147, -31.2182, 22.8622, 400.489, 0.0759958, -0.051407, 0.227081, -0.0346209, 0.430839
7171, 119.62, 0.98316, 1, 0.137079, 0.374478, -0.917047, -0.162572, 0.293389, -0.942068, -31.5122, 22.2761, 399.996, 0.0721897, -0.045174, 0.224888, -0.0444108, 0.432892
7172, 119.636, 0.982833, 1, 0.138427, 0.373473, -0.917255, -0.137693, 0.291382, -0.946645, -32.0034, 21.9466, 400.408, 0.0745066, -0.0355981, 0.220633, -0.040797, 0.435991
7173, 119.653, 0.978411, 1, 0.129224, 0.352719, -0.926763, -0.168125, 0.272461, -0.947364, -32.4024, 22.6952, 397.488, 0.15554, -0.0137723, 0.215126, -0.0782404, 0.482659
7174, 119.67, 0.977055, 1, 0.125451, 0.354584, -0.92657, -0.1602, 0.254607, -0.953683, -32.8841, 22.6251, 396.07, 0.161096, -0.00703563, 0.210107, -0.0801133, 0.480342
7175, 119.686, 0.976449, 1, 0.118167, 0.369641, -0.92163, -0.17217, 0.248507, -0.953206, -33.4806, 22.4258, 394.301, 0.16314, 0.00633023, 0.202914, -0.107423, 0.484946
7176, 119.703, 0.976887, 1, 0.133417, 0.347347, -0.928197, -0.160416, 0.223904, -0.961319, -34.1404, 22.372, 392.56, 0.168263, 0.0211658, 0.194985, -0.10331, 0.467677
7177, 119.72, 0.980178, 1, 0.140462, 0.353738, -0.924738, -0.147066, 0.247555, -0.957647, -34.7935, 21.589, 392.698, 0.129422, 0.0245554, 0.188117, -0.100162, 0.452373
7178, 119.736, 0.978331, 1, 0.14569, 0.358006, -0.922283, -0.132386, 0.268171, -0.954232, -35.2349, 21.0586, 388.918, 0.11961, 0.0274831, 0.181168, -0.0919643, 0.457293
7179, 119.753, 0.980122, 1, 0.168966, 0.368121, -0.914296, -0.139355, 0.268769, -0.953071, -35.9938, 20.8069, 388.232, 0.1237, 0.0431489, 0.172767, -0.101963, 0.469246
7180, 119.77, 0.97823, 1, 0.191234, 0.362012, -0.912347, -0.12794, 0.265659, -0.95554, -36.7312, 20.462, 387.21, 0.120015, 0.0563465, 0.164976, -0.0968423, 0.462868
7181, 119.786, 0.978549, 1, 0.187477, 0.36471, -0.912052, -0.124331, 0.268781, -0.955143, -37.276, 19.921, 385.903, 0.11461, 0.0690106, 0.156349, -0.110383, 0.460349
