1282, 21.3713, 0.984566, 1, 0.0758723, 0.41852, -0.905033, -0.174294, 0.386916, -0.905493, 25.3107, -24.0553, 285.778, -0.258766, -0.0181033, 0.00334348, -0.0598887, 0.206043
1283, 21.388, 0.984256, 1, 0.0824498, 0.421064, -0.903276, -0.172858, 0.387292, -0.905607, 25.3184, -24.0564, 286.055, -0.258212, -0.0173578, 0.0036177, -0.0569621, 0.20871
1284, 21.4047, 0.984535, 1, 0.0767371, 0.414007, -0.907033, -0.171392, 0.385583, -0.906615, 25.3374, -24.0298, 285.982, -0.258228, -0.018123, 0.00342396, -0.0576729, 0.203418
1285, 21.4214, 0.984027, 1, 0.0825574, 0.416734, -0.905272, -0.1614, 0.386387, -0.908105, 25.3955, -24.0362, 286.222, -0.257717, -0.0187749, 0.00305771, -0.0488472, 0.206158
1286, 21.4381, 0.984362, 1, 0.0815595, 0.419275, -0.904188, -0.16443, 0.384486, -0.908369, 25.394, -23.983, 286.016, -0.256398, -0.0178958, 0.00239434, -0.0516968, 0.207788
1287, 21.4548, 0.984169, 1, 0.0864124, 0.41815, -0.904258, -0.16192, 0.385297, -0.908476, 25.4139, -24.0279, 286.249, -0.257879, -0.0180444, 0.00286352, -0.0480398, 0.205875
1288, 21.4714, 0.984148, 1, 0.0828214, 0.419401, -0.904015, -0.161557, 0.385164, -0.908597, 25.3996, -24.0112, 286.25, -0.256838, -0.0171846, 0.00280435, -0.0507779, 0.20766
1289, 21.4881, 0.983537, 1, 0.0873833, 0.420939, -0.90287, -0.171601, 0.382161, -0.908023, 25.4127, -24.0449, 286.298, -0.257484, -0.0166606, 0.00244656, -0.0543116, 0.206957
1290, 21.5048, 0.983626, 1, 0.0844493, 0.418968, -0.904065, -0.162267, 0.383088, -0.909347, 25.4168, -24.0737, 286.432, -0.257676, -0.016294, 0.00257022, -0.0514587, 0.205451
1291, 21.5215, 0.98303, 1, 0.0780905, 0.41795, -0.905108, -0.168, 0.380436, -0.90942, 25.4493, -24.1121, 286.571, -0.25857, -0.0167163, 0.00191978, -0.0569625, 0.202763
1292, 21.5382, 0.9833, 1, 0.0773236, 0.419538, -0.904438, -0.164494, 0.386213, -0.907624, 25.4568, -24.1101, 286.513, -0.257767, -0.0161361, 0.00128216, -0.056037, 0.207764
1293, 21.5549, 0.982789, 1, 0.0865541, 0.424479, -0.901291, -0.164171, 0.389729, -0.906178, 25.4475, -24.1348, 286.567, -0.25671, -0.0166139, 0.00084873, -0.0502144, 0.213793
1294, 21.5715, 0.982675, 1, 0.0746274, 0.424567, -0.902316, -0.161239, 0.393632, -0.905017, 25.458, -24.1517, 286.798, -0.255663, -0.0159985, -0.000309816, -0.0553792, 0.21711
1295, 21.5882, 0.983032, 1, 0.0734362, 0.423351, -0.902984, -0.160634, 0.390825, -0.90634, 25.4055, -24.0928, 286.696, -0.255856, -0.0154975, -0.000419724, -0.0560497, 0.214467
1296, 21.6049, 0.982527, 1, 0.073828, 0.426385, -0.901524, -0.15722, 0.390449, -0.907101, 25.3829, -24.0653, 286.702, -0.255637, -0.0148601, -0.000363493, -0.0548603, 0.216025
1297, 21.6216, 0.982514, 1, 0.0732822, 0.424119, -0.902636, -0.157742, 0.388515, -0.90784, 25.3693, -24.0295, 286.819, -0.256671, -0.015277, -0.00026547, -0.0548078, 0.212769
1298, 21.6383, 0.982697, 1, 0.0698852, 0.424407, -0.902771, -0.160974, 0.389, -0.907064, 25.3617, -23.968, 286.794, -0.255888, -0.0152781, 3.77796e-05, -0.0584229, 0.214215
1299, 21.655, 0.982737, 1, 0.0707119, 0.423972, -0.902911, -0.159232, 0.386689, -0.908359, 25.37, -23.9472, 286.778, -0.256468, -0.0146936, -7.2787e-07, -0.0578435, 0.212038
1300, 21.6716, 0.982459, 1, 0.0706741, 0.426167, -0.90188, -0.163154, 0.388082, -0.907068, 25.345, -23.9103, 286.729, -0.256394, -0.0146052, 0.000251501, -0.0602464, 0.214708
1301, 21.6883, 0.982442, 1, 0.0777663, 0.426164, -0.901297, -0.158183, 0.388303, -0.907854, 25.3224, -23.8206, 286.759, -0.254971, -0.0137632, 0.000237843, -0.0551409, 0.215815
1302, 21.705, 0.983499, 1, 0.0758251, 0.426365, -0.901368, -0.160027, 0.388843, -0.9073, 25.291, -23.8096, 286.777, -0.254959, -0.0138489, 0.000409894, -0.0569069, 0.216372
1303, 21.7217, 0.983427, 1, 0.0803565, 0.423667, -0.902247, -0.15424, 0.387455, -0.908894, 25.2735, -23.7773, 286.95, -0.255902, -0.0130248, 0.000281097, -0.0527258, 0.21337
1304, 21.7384, 0.983324, 1, 0.0776412, 0.424499, -0.902093, -0.155872, 0.387321, -0.908673, 25.2643, -23.7454, 286.905, -0.257034, -0.0130918, 0.00117107, -0.0552423, 0.212191
1305, 21.7551, 0.983799, 1, 0.0774286, 0.426668, -0.901088, -0.15483, 0.389824, -0.90778, 25.2293, -23.7505, 286.741, -0.256436, -0.0129353, 0.00172852, -0.0551498, 0.215214
1306, 21.7717, 0.983508, 1, 0.0696178, 0.428729, -0.900747, -0.157194, 0.392674, -0.906144, 25.251, -23.7188, 286.911, -0.257017, -0.0132326, 0.00216054, -0.0604567, 0.2172
1307, 21.7884, 0.984075, 1, 0.0669862, 0.428847, -0.90089, -0.160906, 0.39494, -0.904506, 25.231, -23.6946, 286.884, -0.257733, -0.0135004, 0.00211036, -0.0633244, 0.217892
1308, 21.8051, 0.983951, 1, 0.0663399, 0.427737, -0.901465, -0.162849, 0.39422, -0.904473, 25.2188, -23.6847, 286.82, -0.258381, -0.013238, 0.00272751, -0.0652601, 0.215831
1309, 21.8218, 0.984411, 1, 0.0665433, 0.428882, -0.900906, -0.16425, 0.395076, -0.903846, 25.2035, -23.6761, 286.883, -0.258606, -0.0142022, 0.00197402, -0.0642695, 0.217391
1310, 21.8385, 0.984351, 1, 0.0685252, 0.426515, -0.901881, -0.157846, 0.392514, -0.9061, 25.2159, -23.6482, 286.945, -0.260043, -0.0145601, 0.00198879, -0.0597444, 0.212514
1311, 21.8552, 0.984405, 1, 0.0676626, 0.426868, -0.901779, -0.1604, 0.388931, -0.907196, 25.2152, -23.5916, 286.597, -0.260115, -0.0156446, 0.00153768, -0.0594811, 0.210655
1312, 21.8718, 0.984902, 1, 0.0661843, 0.427068, -0.901794, -0.159516, 0.389286, -0.9072, 25.2503, -23.5481, 286.799, -0.260262, -0.016459, 0.00106259, -0.0587843, 0.211395
1313, 21.8885, 0.985344, 1, 0.0695368, 0.426387, -0.901864, -0.158702, 0.390556, -0.906796, 25.2389, -23.483, 286.783, -0.260286, -0.0156377, 0.00112985, -0.0577529, 0.211482
1314, 21.9052, 0.984917, 1, 0.0731445, 0.425688, -0.901909, -0.159963, 0.388241, -0.907568, 25.2242, -23.4861, 286.793, -0.26202, -0.0159095, 0.00166242, -0.0564568, 0.208137
1315, 21.9219, 0.985225, 1, 0.0717466, 0.425716, -0.902008, -0.164431, 0.386272, -0.90761, 25.237, -23.4559, 286.772, -0.26296, -0.0172514, 0.00164188, -0.0576481, 0.206162
1316, 21.9386, 0.985529, 1, 0.0705837, 0.424428, -0.902707, -0.161068, 0.387279, -0.907784, 25.218, -23.3588, 286.624, -0.262059, -0.0174576, 0.00137311, -0.0559514, 0.206319
1317, 21.9553, 0.986081, 1, 0.0757145, 0.421136, -0.903832, -0.165873, 0.386666, -0.90718, 25.1952, -23.3292, 286.51, -0.262393, -0.0181505, 0.00192006, -0.0548107, 0.203711
1318, 21.9719, 0.985551, 1, 0.0738308, 0.423688, -0.902794, -0.161608, 0.391584, -0.905839, 25.1995, -23.2776, 286.601, -0.261131, -0.0184675, 0.00223297, -0.0531542, 0.20896
1319, 21.9886, 0.985587, 1, 0.0884897, 0.42312, -0.901742, -0.162857, 0.387407, -0.90741, 25.1818, -23.2164, 286.597, -0.261411, -0.0183551, 0.00235749, -0.0465173, 0.205933
1320, 22.0053, 0.985577, 1, 0.0796821, 0.420979, -0.903564, -0.162535, 0.382088, -0.90972, 25.139, -23.2061, 286.544, -0.261868, -0.0184115, 0.00256235, -0.0508374, 0.201805
1321, 22.022, 0.985776, 1, 0.0800128, 0.423241, -0.902477, -0.160539, 0.387676, -0.907708, 25.102, -23.1777, 286.651, -0.260479, -0.0174169, 0.00250523, -0.0509793, 0.207481
1322, 22.0387, 0.985768, 1, 0.0753543, 0.422288, -0.903324, -0.160525, 0.384799, -0.908934, 25.075, -23.1575, 286.714, -0.261623, -0.0168575, 0.00279617, -0.0541277, 0.203887
1323, 22.0554, 0.986026, 1, 0.0784454, 0.421116, -0.903608, -0.160412, 0.385245, -0.908765, 25.0674, -23.1406, 286.659, -0.260539, -0.0170611, 0.00288068, -0.0522316, 0.204833
1324, 22.072, 0.985841, 1, 0.0734899, 0.420844, -0.904151, -0.161043, 0.385752, -0.908439, 25.0426, -23.1397, 286.631, -0.262056, -0.0167175, 0.00267969, -0.0553139, 0.203183
1325, 22.0887, 0.985859, 1, 0.0784718, 0.419406, -0.904401, -0.162224, 0.389787, -0.906504, 24.9759, -23.1454, 286.497, -0.262426, -0.01546, 0.0032817, -0.0553148, 0.204513
1326, 22.1054, 0.985894, 1, 0.0771151, 0.421226, -0.903671, -0.162956, 0.389228, -0.906613, 24.9601, -23.115, 286.492, -0.261656, -0.015787, 0.00348088, -0.0559331, 0.205833
1327, 22.1221, 0.986177, 1, 0.0760693, 0.421049, -0.903843, -0.161001, 0.391264, -0.906086, 24.9114, -23.1159, 286.582, -0.262262, -0.0159011, 0.00392726, -0.0555826, 0.205948
1328, 22.1388, 0.985701, 1, 0.0738753, 0.419403, -0.904789, -0.163649, 0.3931, -0.904816, 24.8525, -23.0892, 286.607, -0.262105, -0.0149204, 0.0042669, -0.0593208, 0.206102
1329, 22.1555, 0.985891, 1, 0.0746173, 0.419952, -0.904474, -0.165112, 0.392031, -0.905014, 24.8362, -23.1161, 286.664, -0.26244, -0.0147388, 0.00405904, -0.0599947, 0.20593
1330, 22.1721, 0.985708, 1, 0.0746292, 0.420893, -0.904035, -0.162595, 0.392552, -0.905243, 24.8185, -23.0887, 286.748, -0.261708, -0.0145705, 0.00378946, -0.0588874, 0.20734
1331, 22.1888, 0.986139, 1, 0.0756335, 0.419157, -0.904758, -0.165377, 0.389729, -0.905959, 24.7683, -23.0868, 286.549, -0.262983, -0.0151857, 0.00302436, -0.0581664, 0.203781
1332, 22.2055, 0.985948, 1, 0.0753106, 0.41964, -0.904561, -0.163584, 0.391484, -0.905528, 24.7715, -23.0641, 286.576, -0.262258, -0.0143895, 0.00290275, -0.0584129, 0.205512
1333, 22.2222, 0.986329, 1, 0.0814252, 0.413775, -0.906731, -0.162541, 0.389355, -0.906633, 24.7531, -23.0612, 286.549, -0.263287, -0.0151767, 0.00213243, -0.0532682, 0.20015
1334, 22.2389, 0.986107, 1, 0.0774857, 0.415013, -0.90651, -0.167744, 0.385741, -0.90723, 24.7314, -23.0168, 286.681, -0.26227, -0.0138857, 0.00185391, -0.0597358, 0.19994
1335, 22.2556, 0.986042, 1, 0.0850876, 0.411798, -0.907294, -0.168964, 0.385537, -0.90709, 24.6816, -23.0158, 286.723, -0.260635, -0.0141097, 0.00173728, -0.0558926, 0.19999
1336, 22.2722, 0.986162, 1, 0.0773531, 0.419536, -0.904437, -0.160139, 0.387187, -0.907988, 24.7134, -23.0175, 286.861, -0.261483, -0.0144205, 0.00172297, -0.05516, 0.204195
1337, 22.2889, 0.98627, 1, 0.0822802, 0.418548, -0.90446, -0.163319, 0.386266, -0.907814, 24.6709, -22.9803, 286.613, -0.261234, -0.014977, 0.00181859, -0.0533143, 0.203308
1338, 22.3056, 0.986136, 1, 0.0842471, 0.416869, -0.905054, -0.166037, 0.386684, -0.907142, 24.6733, -22.9591, 286.596, -0.261005, -0.0145063, 0.00205625, -0.0545323, 0.202712
1339, 22.3223, 0.985889, 1, 0.090382, 0.417534, -0.904155, -0.168985, 0.386236, -0.906789, 24.6064, -22.9192, 286.439, -0.26046, -0.0141552, 0.00238787, -0.0532816, 0.203633
1340, 22.339, 0.986219, 1, 0.0875971, 0.415497, -0.905367, -0.166875, 0.384817, -0.907782, 24.6316, -22.8847, 286.445, -0.261314, -0.0142966, 0.00286542, -0.0536859, 0.200272
1341, 22.3557, 0.986111, 1, 0.0842836, 0.416029, -0.905437, -0.165547, 0.38425, -0.908266, 24.6009, -22.902, 286.486, -0.261383, -0.0141022, 0.00346038, -0.0551611, 0.200264
1342, 22.3723, 0.986095, 1, 0.0797999, 0.417717, -0.905066, -0.163683, 0.386094, -0.907821, 24.611, -22.8701, 286.383, -0.260896, -0.0141041, 0.00324156, -0.0564539, 0.202542
1343, 22.389, 0.986291, 1, 0.0826728, 0.417577, -0.904873, -0.166116, 0.383743, -0.908376, 24.6117, -22.8595, 286.503, -0.260943, -0.0153807, 0.00277807, -0.0544493, 0.201215
1344, 22.4057, 0.986177, 1, 0.0800612, 0.418282, -0.904782, -0.168557, 0.381948, -0.908683, 24.5801, -22.857, 286.364, -0.261805, -0.0156647, 0.00268085, -0.0562994, 0.199696
1345, 22.4224, 0.986327, 1, 0.0842192, 0.417118, -0.904942, -0.169172, 0.382167, -0.908476, 24.5791, -22.8455, 286.622, -0.261258, -0.0148848, 0.00282436, -0.0558762, 0.200003
1346, 22.4391, 0.986804, 1, 0.0845281, 0.418435, -0.904305, -0.16578, 0.384203, -0.908243, 24.5922, -22.8054, 286.565, -0.260942, -0.0144242, 0.00273504, -0.0546479, 0.201994
1347, 22.4558, 0.986418, 1, 0.0742764, 0.419375, -0.904769, -0.171542, 0.382528, -0.90788, 24.5895, -22.7953, 286.533, -0.260238, -0.0138527, 0.00262195, -0.0635979, 0.202563
1348, 22.4724, 0.986568, 1, 0.0806174, 0.418455, -0.904653, -0.169113, 0.383236, -0.908037, 24.5947, -22.7561, 286.452, -0.259699, -0.01408, 0.00242535, -0.0586404, 0.203167
1349, 22.4891, 0.986678, 1, 0.0699223, 0.418695, -0.905431, -0.165737, 0.384998, -0.907914, 24.6171, -22.7036, 286.31, -0.259448, -0.0137059, 0.0025008, -0.0629169, 0.204107
1350, 22.5058, 0.986471, 1, 0.0735703, 0.421562, -0.90381, -0.168203, 0.381498, -0.908937, 24.5578, -22.7302, 286.239, -0.261135, -0.014094, 0.00270826, -0.0618339, 0.201504
1351, 22.5225, 0.986416, 1, 0.0709769, 0.41815, -0.905601, -0.163351, 0.384372, -0.908611, 24.5546, -22.6961, 286.426, -0.260028, -0.01421, 0.00242405, -0.0604407, 0.203004
1352, 22.5392, 0.986362, 1, 0.0698149, 0.418621, -0.905474, -0.163325, 0.38673, -0.907615, 24.5123, -22.6603, 286.44, -0.258818, -0.0136783, 0.00223894, -0.0617991, 0.205811
1353, 22.5559, 0.986656, 1, 0.0663793, 0.418516, -0.90578, -0.161775, 0.384234, -0.908951, 24.5141, -22.6527, 286.48, -0.258507, -0.0134418, 0.00187314, -0.0630279, 0.204695
1354, 22.5725, 0.986055, 1, 0.0698346, 0.419376, -0.905123, -0.162571, 0.389579, -0.906531, 24.5015, -22.6275, 286.58, -0.258695, -0.0134734, 0.00234078, -0.061869, 0.207632
1355, 22.5892, 0.986101, 1, 0.0749743, 0.41914, -0.904821, -0.163389, 0.385885, -0.907963, 24.4299, -22.5646, 286.467, -0.25839, -0.0137578, 0.00263868, -0.0589722, 0.206008
1356, 22.6059, 0.986146, 1, 0.0732522, 0.420474, -0.904343, -0.160979, 0.386063, -0.908318, 24.4256, -22.5278, 286.4, -0.258405, -0.0137221, 0.00297001, -0.0588274, 0.206399
1357, 22.6226, 0.986078, 1, 0.0792329, 0.419647, -0.904222, -0.159982, 0.382998, -0.90979, 24.3562, -22.4778, 286.245, -0.257708, -0.0132828, 0.00270188, -0.055362, 0.205242
1358, 22.6393, 0.986573, 1, 0.0756397, 0.418489, -0.905067, -0.161518, 0.38308, -0.909484, 24.3808, -22.4421, 286.432, -0.258129, -0.0132341, 0.00294299, -0.0583652, 0.204095
1359, 22.656, 0.986349, 1, 0.0711279, 0.418773, -0.905301, -0.158623, 0.384893, -0.909228, 24.3578, -22.4143, 286.3, -0.257572, -0.0135121, 0.0027921, -0.0585839, 0.205915
1360, 22.6726, 0.986538, 1, 0.0772322, 0.418725, -0.904823, -0.161193, 0.385507, -0.908516, 24.3741, -22.3727, 286.476, -0.258276, -0.0135897, 0.00270278, -0.0570555, 0.205628
1361, 22.6893, 0.986174, 1, 0.0780943, 0.41982, -0.904241, -0.166085, 0.382405, -0.908945, 24.3809, -22.3279, 286.592, -0.257549, -0.0127406, 0.00268794, -0.0605537, 0.205895
1362, 22.706, 0.987002, 1, 0.0762266, 0.421236, -0.903742, -0.160702, 0.382228, -0.909987, 24.3541, -22.3239, 286.616, -0.257197, -0.0129294, 0.00235632, -0.0582443, 0.207094
1363, 22.7227, 0.98672, 1, 0.0784742, 0.42079, -0.903757, -0.164544, 0.385609, -0.907872, 24.3806, -22.2612, 286.621, -0.255978, -0.0128484, 0.00287404, -0.0595442, 0.209843
1364, 22.7394, 0.987269, 1, 0.0659353, 0.420246, -0.905012, -0.162701, 0.385953, -0.908058, 24.3355, -22.2368, 286.594, -0.255697, -0.0125449, 0.0027491, -0.0650733, 0.209425
1365, 22.7561, 0.987146, 1, 0.0716018, 0.419868, -0.904756, -0.162086, 0.385966, -0.908162, 24.3475, -22.2203, 286.712, -0.255415, -0.012105, 0.00373242, -0.0630608, 0.209556
1366, 22.7727, 0.987282, 1, 0.0673714, 0.418373, -0.905773, -0.161667, 0.384225, -0.908975, 24.3477, -22.2398, 286.845, -0.255204, -0.0124664, 0.00310475, -0.0642401, 0.208506
1367, 22.7894, 0.987474, 1, 0.0702488, 0.416672, -0.906338, -0.16163, 0.384429, -0.908895, 24.3309, -22.2188, 286.661, -0.255909, -0.0129061, 0.00293382, -0.0618825, 0.206337
1368, 22.8061, 0.987251, 1, 0.069322, 0.418214, -0.905699, -0.169342, 0.380298, -0.909229, 24.3222, -22.2185, 286.739, -0.255663, -0.0114595, 0.0025834, -0.0683941, 0.205788
1369, 22.8228, 0.987176, 1, 0.0699346, 0.417949, -0.905775, -0.159475, 0.385549, -0.908801, 24.3009, -22.1995, 286.674, -0.256162, -0.0118026, 0.00317754, -0.062443, 0.207494
1370, 22.8395, 0.987367, 1, 0.0691356, 0.416875, -0.906331, -0.164935, 0.382071, -0.909295, 24.3037, -22.2041, 286.769, -0.2551, -0.0133447, 0.00332265, -0.0637833, 0.206607
1371, 22.8562, 0.987212, 1, 0.0646736, 0.416748, -0.906719, -0.162725, 0.381095, -0.910103, 24.3025, -22.2086, 286.91, -0.255224, -0.0131644, 0.00349607, -0.0654119, 0.205735
1372, 22.8728, 0.987462, 1, 0.0677941, 0.416264, -0.906713, -0.160512, 0.383308, -0.909567, 24.2793, -22.1682, 286.69, -0.25601, -0.0132043, 0.00376455, -0.0626344, 0.205615
1373, 22.8895, 0.987649, 1, 0.0685533, 0.418296, -0.90572, -0.160352, 0.379011, -0.911393, 24.2542, -22.1491, 286.814, -0.254911, -0.0120594, 0.00370472, -0.0639538, 0.205758
1374, 22.9062, 0.987617, 1, 0.0729609, 0.41747, -0.905757, -0.164552, 0.380835, -0.909883, 24.2188, -22.1389, 286.718, -0.256105, -0.011704, 0.00398085, -0.0641153, 0.205062
1375, 22.9229, 0.987804, 1, 0.0761299, 0.419702, -0.904464, -0.16817, 0.38102, -0.909144, 24.2367, -22.1485, 286.824, -0.255903, -0.0119048, 0.00386596, -0.0643294, 0.206837
1376, 22.9396, 0.987753, 1, 0.0745091, 0.421119, -0.90394, -0.161798, 0.383523, -0.909248, 24.1694, -22.1662, 286.942, -0.255796, -0.0103487, 0.00344561, -0.0636869, 0.209343
1377, 22.9563, 0.987906, 1, 0.0761012, 0.418461, -0.905041, -0.161484, 0.382059, -0.90992, 24.1815, -22.1343, 286.728, -0.256148, -0.0110892, 0.00383758, -0.0616483, 0.206109
1378, 22.9729, 0.987574, 1, 0.0766265, 0.418232, -0.905103, -0.156531, 0.383074, -0.910358, 24.1225, -22.1594, 286.95, -0.25655, -0.00945575, 0.0036868, -0.0609825, 0.206181
1379, 22.9896, 0.987929, 1, 0.0739685, 0.420341, -0.904346, -0.154083, 0.379435, -0.912298, 24.1506, -22.159, 286.964, -0.256045, -0.0123911, 0.00401754, -0.0573659, 0.205828
1380, 23.0063, 0.987621, 1, 0.0639442, 0.418076, -0.906159, -0.158586, 0.377919, -0.912155, 24.1064, -22.1471, 286.844, -0.256112, -0.0124489, 0.00418854, -0.0644013, 0.203313
1381, 23.023, 0.98761, 1, 0.0717194, 0.420253, -0.904568, -0.157756, 0.378276, -0.912152, 24.1134, -22.1731, 287.066, -0.255912, -0.012907, 0.00344184, -0.059388, 0.205508
1382, 23.0397, 0.98795, 1, 0.0779292, 0.419782, -0.904273, -0.157963, 0.377649, -0.912375, 24.0463, -22.1422, 286.818, -0.255885, -0.0114975, 0.00376971, -0.0578518, 0.204936
1383, 23.0564, 0.987911, 1, 0.0781408, 0.418007, -0.905077, -0.160037, 0.3783, -0.911744, 24.0586, -22.1489, 286.811, -0.256825, -0.01191, 0.00390081, -0.0584243, 0.203247
1384, 23.073, 0.988175, 1, 0.0760131, 0.417218, -0.905622, -0.162002, 0.375635, -0.912498, 24.0397, -22.1503, 286.84, -0.256622, -0.0115906, 0.00471781, -0.0612084, 0.201333
1385, 23.0897, 0.987669, 1, 0.0801178, 0.415631, -0.905998, -0.161655, 0.376869, -0.912051, 24.0397, -22.1461, 286.765, -0.256908, -0.012294, 0.0046681, -0.0579037, 0.201072
1386, 23.1064, 0.988158, 1, 0.0759917, 0.415502, -0.906413, -0.160918, 0.376705, -0.912249, 24.0461, -22.134, 286.732, -0.256961, -0.0125074, 0.00491095, -0.0593422, 0.200409
1387, 23.1231, 0.987996, 1, 0.0762, 0.416102, -0.90612, -0.156909, 0.381449, -0.910976, 24.0332, -22.1468, 286.81, -0.256748, -0.0122455, 0.00475036, -0.0575225, 0.203684
1388, 23.1398, 0.987662, 1, 0.0763675, 0.417529, -0.905449, -0.156831, 0.384644, -0.909644, 24.0475, -22.1471, 286.891, -0.257254, -0.0126505, 0.00536537, -0.0573757, 0.205554
1389, 23.1565, 0.988248, 1, 0.0793053, 0.418001, -0.904978, -0.156618, 0.379991, -0.911635, 24.0246, -22.1225, 286.756, -0.256606, -0.0122663, 0.00506685, -0.0558959, 0.204237
1390, 23.1731, 0.98773, 1, 0.0755419, 0.420193, -0.904285, -0.158446, 0.381388, -0.910735, 24.0256, -22.1369, 286.713, -0.25784, -0.0126169, 0.00570315, -0.0586076, 0.204556
1391, 23.1898, 0.987868, 1, 0.0751876, 0.419939, -0.904432, -0.161075, 0.381267, -0.910324, 24.0252, -22.1151, 286.533, -0.258084, -0.0128183, 0.00567983, -0.0597485, 0.20388
1392, 23.2065, 0.987893, 1, 0.0782147, 0.419483, -0.904387, -0.159862, 0.379898, -0.91111, 24.0231, -22.1001, 286.441, -0.257723, -0.0129953, 0.00552805, -0.0572601, 0.203283
1393, 23.2232, 0.988221, 1, 0.0739928, 0.421196, -0.903947, -0.160187, 0.379209, -0.91134, 24.0226, -22.0953, 286.591, -0.257028, -0.0121302, 0.00508887, -0.0607014, 0.204946
1394, 23.2399, 0.988269, 1, 0.0760693, 0.415803, -0.906268, -0.164471, 0.382971, -0.909001, 23.9898, -22.0329, 286.558, -0.256354, -0.0109145, 0.00506759, -0.0635406, 0.20498
1395, 23.2566, 0.98808, 1, 0.0808932, 0.414738, -0.906338, -0.160277, 0.378986, -0.911417, 24.0044, -22.041, 286.534, -0.257798, -0.0117083, 0.00537739, -0.0578911, 0.200343
1396, 23.2732, 0.987902, 1, 0.0763722, 0.412345, -0.907821, -0.158482, 0.379013, -0.911719, 23.9728, -22.0561, 286.788, -0.256793, -0.0106691, 0.00579355, -0.0611067, 0.200454
1397, 23.2899, 0.987748, 1, 0.0731005, 0.412786, -0.90789, -0.162382, 0.375698, -0.912405, 23.9732, -22.0632, 286.874, -0.257522, -0.00994615, 0.00605826, -0.0659316, 0.198311
1398, 23.3066, 0.987649, 1, 0.0783198, 0.412495, -0.907587, -0.163041, 0.374901, -0.912615, 23.9861, -22.0538, 286.923, -0.256608, -0.0101232, 0.00651011, -0.0637296, 0.19877
1399, 23.3233, 0.988029, 1, 0.0743692, 0.415479, -0.906558, -0.160048, 0.375531, -0.912886, 23.9645, -22.0563, 286.93, -0.2567, -0.00924011, 0.00626035, -0.0652593, 0.200732
2326, 38.7887, 0.970268, 1, 0.0404257, 0.421857, -0.905761, -0.223331, 0.390109, -0.893274, 35.7486, -24.7607, 286.325, -0.299763, -0.0985465, 0.0394644, -0.034082, 0.147706
2327, 38.8054, 0.970148, 1, 0.0407385, 0.41917, -0.906993, -0.217758, 0.384866, -0.896917, 35.6137, -24.7793, 286.005, -0.299931, -0.0957226, 0.039589, -0.0339254, 0.143999
2328, 38.8221, 0.969389, 1, 0.0470508, 0.414832, -0.908681, -0.214621, 0.385704, -0.897313, 35.5688, -24.7932, 285.756, -0.300672, -0.0958787, 0.0393176, -0.0283907, 0.14201
2329, 38.8388, 0.969224, 1, 0.0428553, 0.415816, -0.908438, -0.217276, 0.378232, -0.899851, 35.521, -24.8226, 285.761, -0.299672, -0.0956535, 0.039091, -0.0316935, 0.140287
2330, 38.8555, 0.975409, 1, 0.0433216, 0.420646, -0.90619, -0.217122, 0.387142, -0.896091, 35.531, -24.7005, 285.981, -0.292652, -0.100676, 0.0382542, -0.0247791, 0.156475
2331, 38.8722, 0.97868, 1, 0.0490829, 0.421277, -0.905603, -0.216758, 0.387986, -0.895814, 35.5088, -24.7357, 286.03, -0.290301, -0.100628, 0.0384753, -0.0215971, 0.161255
2332, 38.8888, 0.981061, 1, 0.0514154, 0.423671, -0.904356, -0.211258, 0.387087, -0.897516, 35.5248, -24.7882, 286.579, -0.286624, -0.104163, 0.0387558, -0.0127732, 0.165771
2333, 38.9055, 0.982403, 1, 0.0541911, 0.42355, -0.904251, -0.21499, 0.387194, -0.896583, 35.4258, -24.9035, 286.807, -0.284882, -0.10301, 0.0384924, -0.0142733, 0.169337
2334, 38.9222, 0.983234, 1, 0.0546123, 0.425471, -0.903322, -0.219775, 0.388742, -0.894751, 35.3972, -25.0224, 287.164, -0.283902, -0.104298, 0.038866, -0.014667, 0.173627
2335, 38.9389, 0.98421, 1, 0.0466042, 0.425858, -0.903589, -0.20691, 0.390854, -0.896895, 35.3349, -25.0968, 287.481, -0.281608, -0.105054, 0.0380591, -0.0103275, 0.178036
2336, 38.9556, 0.984432, 1, 0.0428188, 0.429739, -0.901937, -0.206093, 0.393628, -0.89587, 35.2968, -25.0339, 287.428, -0.271617, -0.105056, 0.0365095, -0.0113017, 0.195003
2337, 38.9723, 0.983597, 1, 0.03722, 0.433552, -0.90036, -0.20505, 0.389964, -0.89771, 35.2865, -25.1367, 287.415, -0.271633, -0.104588, 0.0348432, -0.0132051, 0.195601
2338, 38.9889, 0.983711, 1, 0.0431683, 0.431925, -0.900876, -0.202494, 0.395407, -0.895907, 35.2706, -25.3532, 287.803, -0.274673, -0.106912, 0.0330994, -0.00495013, 0.195028
2339, 39.0056, 0.983639, 1, 0.0487567, 0.427264, -0.902812, -0.201296, 0.391291, -0.897982, 35.1709, -25.5519, 288.222, -0.278805, -0.10514, 0.0323991, -0.00301829, 0.186545
2340, 39.0223, 0.98364, 1, 0.0473114, 0.431294, -0.90097, -0.199023, 0.390208, -0.898959, 35.1218, -25.6139, 288.227, -0.280454, -0.104838, 0.0312638, -0.00218581, 0.186286
2341, 39.039, 0.983358, 1, 0.0523489, 0.429075, -0.901751, -0.199755, 0.385398, -0.90087, 35.0475, -25.7274, 288.643, -0.282142, -0.103081, 0.0308055, -0.00163601, 0.180847
2342, 39.0557, 0.984423, 1, 0.0549309, 0.428453, -0.901893, -0.201021, 0.386794, -0.899989, 34.8753, -25.8062, 288.589, -0.28488, -0.0996975, 0.0301779, -0.00465048, 0.178599
2343, 39.0724, 0.984308, 1, 0.0498909, 0.4287, -0.902068, -0.200933, 0.386339, -0.900205, 34.7838, -25.809, 288.725, -0.285503, -0.0989978, 0.0300776, -0.00804155, 0.177644
2344, 39.089, 0.984891, 1, 0.0463851, 0.433433, -0.899991, -0.199418, 0.386366, -0.90053, 34.6525, -25.896, 288.811, -0.288324, -0.0973459, 0.0307968, -0.0113272, 0.177049
2345, 39.1057, 0.985246, 1, 0.0472408, 0.433592, -0.89987, -0.1988, 0.380819, -0.903026, 34.4797, -25.9685, 288.932, -0.290867, -0.0954037, 0.0308049, -0.0127659, 0.171623
2346, 39.1224, 0.985353, 1, 0.0475157, 0.432814, -0.90023, -0.198661, 0.387294, -0.900298, 34.3295, -25.928, 288.774, -0.29087, -0.0944415, 0.0308466, -0.0136608, 0.174967
2347, 39.1391, 0.985227, 1, 0.042688, 0.434535, -0.899643, -0.197998, 0.38671, -0.900695, 34.2121, -25.9194, 289.003, -0.290817, -0.0927874, 0.0318709, -0.0181966, 0.175752
2348, 39.1558, 0.985221, 1, 0.0422443, 0.432157, -0.900808, -0.200255, 0.38829, -0.899516, 34.0445, -25.8434, 288.978, -0.292357, -0.0915966, 0.0318934, -0.0208998, 0.173354
2349, 39.1725, 0.985062, 1, 0.0405871, 0.433368, -0.900303, -0.191254, 0.38994, -0.90076, 33.9855, -25.8367, 288.955, -0.292621, -0.0914245, 0.0320684, -0.0174594, 0.17445
2350, 39.1891, 0.985663, 1, 0.0365777, 0.439214, -0.897637, -0.192659, 0.389541, -0.900633, 33.8913, -25.7747, 288.884, -0.292903, -0.0911113, 0.0312489, -0.0202206, 0.17717
2351, 39.2058, 0.985497, 1, 0.0376791, 0.435631, -0.899336, -0.196141, 0.392031, -0.898799, 33.7209, -25.6732, 289.001, -0.291708, -0.0892575, 0.0315821, -0.0237401, 0.17768
2352, 39.2225, 0.985337, 1, 0.0388968, 0.434397, -0.899881, -0.186539, 0.389875, -0.901776, 33.6681, -25.7292, 289.276, -0.29278, -0.0894347, 0.0309936, -0.01767, 0.174536
2353, 39.2392, 0.985361, 1, 0.0407385, 0.432014, -0.900946, -0.192596, 0.390097, -0.900406, 33.563, -25.6159, 289.092, -0.292711, -0.0888579, 0.031163, -0.0202304, 0.173377
2354, 39.2559, 0.98526, 1, 0.0462223, 0.429768, -0.901756, -0.198294, 0.39042, -0.899028, 33.482, -25.5748, 289.099, -0.29219, -0.0878677, 0.0304859, -0.0213352, 0.173553
2355, 39.2726, 0.985359, 1, 0.0479359, 0.430983, -0.901086, -0.202214, 0.392763, -0.897132, 33.4108, -25.5433, 289.111, -0.292573, -0.0868349, 0.0306501, -0.024047, 0.175011
2356, 39.2892, 0.985071, 1, 0.0491391, 0.428414, -0.902245, -0.208006, 0.393718, -0.895388, 33.3941, -25.5352, 289.449, -0.293574, -0.0863611, 0.0294736, -0.0267085, 0.173355
2357, 39.3059, 0.985169, 1, 0.0453888, 0.429402, -0.901972, -0.198347, 0.394689, -0.89715, 33.3234, -25.511, 289.396, -0.292113, -0.0858436, 0.0291991, -0.0240886, 0.176019
2358, 39.3226, 0.984921, 1, 0.0378413, 0.430085, -0.901995, -0.202524, 0.394646, -0.896236, 33.1803, -25.3631, 289.054, -0.292728, -0.0845348, 0.029365, -0.0313437, 0.175553
2359, 39.3393, 0.98518, 1, 0.0417871, 0.429096, -0.902292, -0.188527, 0.38883, -0.901814, 33.1526, -25.3341, 289.293, -0.292039, -0.084741, 0.0285996, -0.02131, 0.172149
2360, 39.356, 0.985371, 1, 0.041583, 0.427698, -0.902965, -0.192017, 0.387173, -0.901791, 33.1339, -25.2436, 289.366, -0.291642, -0.0843129, 0.0290668, -0.0239484, 0.171131
2361, 39.3727, 0.985404, 1, 0.0473374, 0.424329, -0.90427, -0.196515, 0.385096, -0.901711, 33.1029, -25.2026, 289.395, -0.290612, -0.0845996, 0.0283085, -0.0224254, 0.169295
2362, 39.3893, 0.985353, 1, 0.0448545, 0.427408, -0.902945, -0.197037, 0.390334, -0.899342, 33.0568, -25.141, 289.446, -0.29179, -0.0843229, 0.0286133, -0.0246685, 0.172563
2363, 39.406, 0.985404, 1, 0.0446158, 0.427799, -0.902772, -0.197096, 0.389777, -0.899571, 32.9738, -25.0021, 289.361, -0.288874, -0.0826484, 0.0283935, -0.0268382, 0.175927
2364, 39.4227, 0.985618, 1, 0.0363546, 0.432458, -0.900921, -0.199005, 0.389548, -0.899249, 32.9533, -24.9605, 289.423, -0.290383, -0.0847516, 0.0289002, -0.0295313, 0.176067
2365, 39.4394, 0.985515, 1, 0.0363614, 0.430546, -0.901836, -0.194239, 0.39334, -0.898641, 32.8822, -24.8175, 289.424, -0.286877, -0.0832451, 0.0294021, -0.0291627, 0.18102
2366, 39.4561, 0.985671, 1, 0.0372616, 0.427508, -0.903243, -0.192334, 0.391734, -0.899751, 32.8359, -24.7564, 289.413, -0.28703, -0.0821981, 0.0290472, -0.0286146, 0.178076
2367, 39.4728, 0.985439, 1, 0.0396113, 0.427337, -0.903224, -0.192309, 0.391653, -0.899792, 32.8423, -24.7343, 289.502, -0.286628, -0.0832107, 0.0290095, -0.026204, 0.178468
2368, 39.4894, 0.985612, 1, 0.0419363, 0.427217, -0.903176, -0.194514, 0.387881, -0.900951, 32.7811, -24.6853, 289.525, -0.287959, -0.0827106, 0.0292865, -0.0266646, 0.174823
2369, 39.5061, 0.985972, 1, 0.0408065, 0.428221, -0.902752, -0.189669, 0.390786, -0.900728, 32.7526, -24.6928, 289.695, -0.287604, -0.0810105, 0.0293735, -0.0273375, 0.177264
2370, 39.5228, 0.985422, 1, 0.0379046, 0.427677, -0.903137, -0.196918, 0.391514, -0.898855, 32.6765, -24.6862, 289.675, -0.288831, -0.0809441, 0.0295696, -0.0326065, 0.176156
2371, 39.5395, 0.985711, 1, 0.0443051, 0.426829, -0.903246, -0.189701, 0.393369, -0.899597, 32.6242, -24.6243, 289.532, -0.288346, -0.0805994, 0.0293939, -0.025696, 0.177312
2372, 39.5562, 0.985779, 1, 0.04305, 0.426498, -0.903463, -0.194969, 0.39235, -0.898915, 32.6102, -24.5859, 289.432, -0.287406, -0.0811258, 0.0293144, -0.0281449, 0.177451
2373, 39.5729, 0.98601, 1, 0.0449232, 0.427034, -0.903119, -0.196842, 0.388506, -0.900176, 32.5878, -24.5518, 289.291, -0.28813, -0.0817611, 0.028964, -0.0269875, 0.174932
2374, 39.5895, 0.985711, 1, 0.0369576, 0.42796, -0.903042, -0.199916, 0.392006, -0.897978, 32.5676, -24.475, 289.146, -0.28579, -0.0810087, 0.0294554, -0.033798, 0.179641
2375, 39.6062, 0.985627, 1, 0.0388098, 0.427118, -0.903362, -0.203994, 0.384788, -0.900181, 32.5769, -24.4179, 289.4, -0.287089, -0.0810213, 0.029549, -0.0350482, 0.174076
2376, 39.6229, 0.985852, 1, 0.040713, 0.425669, -0.903963, -0.196553, 0.388991, -0.900029, 32.5493, -24.3781, 289.173, -0.288095, -0.0820751, 0.029827, -0.0288087, 0.174009
2377, 39.6396, 0.985643, 1, 0.0394245, 0.427151, -0.90332, -0.197014, 0.388462, -0.900157, 32.5035, -24.2822, 289.404, -0.286677, -0.0809089, 0.0300445, -0.0314609, 0.176479
2378, 39.6563, 0.985185, 1, 0.0481871, 0.428846, -0.902091, -0.198399, 0.38953, -0.899391, 32.4963, -24.1707, 289.256, -0.285523, -0.0813726, 0.0302518, -0.0272719, 0.179342
2379, 39.673, 0.985881, 1, 0.0429001, 0.428209, -0.902661, -0.193716, 0.388889, -0.900688, 32.4967, -24.0676, 289.217, -0.28495, -0.0812799, 0.0301158, -0.0274692, 0.178961
2380, 39.6896, 0.986041, 1, 0.041813, 0.428384, -0.902629, -0.193398, 0.384625, -0.902585, 32.5082, -24.0336, 289.314, -0.28504, -0.0818101, 0.0304025, -0.027246, 0.176539
2381, 39.7063, 0.985671, 1, 0.0422431, 0.428594, -0.902509, -0.195917, 0.383165, -0.902663, 32.4409, -23.9209, 289.263, -0.282376, -0.0810354, 0.0306825, -0.0292313, 0.178857
2382, 39.723, 0.986246, 1, 0.0439484, 0.428435, -0.902503, -0.199652, 0.382039, -0.902322, 32.435, -23.8667, 289.276, -0.282678, -0.0815147, 0.0305175, -0.0295569, 0.177262
2383, 39.7397, 0.986029, 1, 0.0431281, 0.426788, -0.903323, -0.202234, 0.38457, -0.90067, 32.4049, -23.8291, 289.325, -0.283178, -0.0817825, 0.0306712, -0.030952, 0.177498
2384, 39.7564, 0.986326, 1, 0.0436104, 0.425491, -0.903911, -0.199858, 0.385409, -0.900842, 32.3967, -23.7266, 289.27, -0.282752, -0.0821352, 0.031054, -0.0292151, 0.177042
2385, 39.7731, 0.986499, 1, 0.0409961, 0.424816, -0.904351, -0.209982, 0.389304, -0.896856, 32.3904, -23.7621, 289.334, -0.283357, -0.0822481, 0.0312101, -0.0360514, 0.178735
2386, 39.7897, 0.986219, 1, 0.0446531, 0.423699, -0.904702, -0.208169, 0.388807, -0.897494, 32.3938, -23.7397, 289.511, -0.282626, -0.0823166, 0.0308224, -0.0328902, 0.17841
2387, 39.8064, 0.986044, 1, 0.0433695, 0.424997, -0.904155, -0.21004, 0.388167, -0.897335, 32.3413, -23.7437, 289.492, -0.28254, -0.0813675, 0.0305841, -0.035762, 0.179185
2388, 39.8231, 0.986358, 1, 0.0389004, 0.423678, -0.904977, -0.199818, 0.392558, -0.897759, 32.3282, -23.7406, 289.543, -0.28131, -0.0815819, 0.0304815, -0.0323773, 0.182205
2389, 39.8398, 0.986255, 1, 0.0462335, 0.424591, -0.904204, -0.206233, 0.388261, -0.898177, 32.2935, -23.726, 289.482, -0.281955, -0.0810522, 0.0301733, -0.0323752, 0.179784
2390, 39.8565, 0.985967, 1, 0.0503716, 0.422272, -0.905069, -0.206556, 0.383174, -0.900285, 32.2432, -23.7254, 289.49, -0.282401, -0.0818527, 0.0300182, -0.0290164, 0.17535
2391, 39.8732, 0.986314, 1, 0.0490518, 0.421698, -0.905409, -0.208136, 0.381795, -0.900506, 32.2041, -23.7314, 289.44, -0.282508, -0.0820402, 0.0303417, -0.0301885, 0.174344
2392, 39.8898, 0.986086, 1, 0.0480163, 0.419542, -0.906465, -0.205348, 0.380403, -0.901735, 32.1596, -23.7357, 289.366, -0.282942, -0.0813219, 0.0301874, -0.0299979, 0.171822
2393, 39.9065, 0.986423, 1, 0.0515202, 0.420912, -0.905637, -0.200685, 0.383167, -0.901614, 32.0957, -23.7398, 289.362, -0.282426, -0.0804164, 0.0296063, -0.0266084, 0.175014
2394, 39.9232, 0.985919, 1, 0.0497955, 0.422299, -0.905088, -0.20699, 0.383958, -0.899851, 32.0481, -23.7499, 289.345, -0.281492, -0.0806435, 0.0297881, -0.0304182, 0.177266
2395, 39.9399, 0.986297, 1, 0.0518839, 0.422607, -0.904827, -0.199964, 0.386913, -0.900174, 32.043, -23.778, 289.656, -0.283035, -0.0792227, 0.0289469, -0.0275948, 0.177093
2396, 39.9566, 0.98637, 1, 0.0453089, 0.421249, -0.905813, -0.199991, 0.387778, -0.899795, 32.0029, -23.7908, 289.651, -0.28219, -0.0788782, 0.0293606, -0.0317296, 0.177519
2397, 39.9733, 0.986304, 1, 0.0450283, 0.425395, -0.903887, -0.197041, 0.383675, -0.902202, 32.0161, -23.8068, 289.735, -0.282112, -0.0796538, 0.0293408, -0.0294681, 0.177901
2398, 39.9899, 0.986309, 1, 0.0417745, 0.424797, -0.904324, -0.19635, 0.391369, -0.899042, 31.9593, -23.84, 289.908, -0.281497, -0.0784471, 0.0293579, -0.0325416, 0.182306
2399, 40.0066, 0.986303, 1, 0.0425156, 0.428775, -0.90241, -0.202149, 0.389102, -0.898741, 31.913, -23.7557, 289.738, -0.279761, -0.0775919, 0.0285123, -0.0357902, 0.185849
2400, 40.0233, 0.986521, 1, 0.0441576, 0.425606, -0.903831, -0.203392, 0.39196, -0.897217, 31.8059, -23.6827, 289.608, -0.278179, -0.0766605, 0.0286603, -0.0366714, 0.188136
2401, 40.04, 0.986345, 1, 0.0442951, 0.429253, -0.902097, -0.194606, 0.391079, -0.899547, 31.7766, -23.6767, 289.708, -0.27851, -0.0768558, 0.028488, -0.0316826, 0.189075
2402, 40.0567, 0.986519, 1, 0.0432671, 0.427565, -0.902948, -0.187455, 0.389781, -0.901627, 31.7095, -23.6239, 289.494, -0.276738, -0.0756808, 0.0286557, -0.0297364, 0.188933
2403, 40.0734, 0.98656, 1, 0.0474408, 0.4261, -0.903431, -0.188559, 0.388778, -0.90183, 31.7333, -23.6617, 289.749, -0.27702, -0.0758567, 0.0284199, -0.0279977, 0.187536
2404, 40.09, 0.986627, 1, 0.0402814, 0.424724, -0.904426, -0.180275, 0.388542, -0.903624, 31.6684, -23.6371, 289.617, -0.275877, -0.0752499, 0.028594, -0.0279515, 0.187489
2405, 40.1067, 0.986901, 1, 0.0473242, 0.425345, -0.903793, -0.188423, 0.388713, -0.901886, 31.6382, -23.5633, 289.563, -0.275132, -0.0756542, 0.0287807, -0.0283067, 0.188953
2406, 40.1234, 0.986911, 1, 0.0414895, 0.427878, -0.902883, -0.183885, 0.386832, -0.90363, 31.593, -23.5585, 289.787, -0.276355, -0.0746625, 0.0284583, -0.0300457, 0.187801
2407, 40.1401, 0.987106, 1, 0.036294, 0.429108, -0.902524, -0.188334, 0.386069, -0.90304, 31.5356, -23.5518, 289.842, -0.276397, -0.0746813, 0.029208, -0.0353142, 0.187825
2408, 40.1568, 0.98706, 1, 0.0383521, 0.428136, -0.9029, -0.184132, 0.384609, -0.904528, 31.4329, -23.5296, 289.559, -0.275523, -0.0733463, 0.0294497, -0.0335967, 0.187181
2409, 40.1735, 0.986974, 1, 0.0308101, 0.428337, -0.903094, -0.189195, 0.386639, -0.902616, 31.3967, -23.5616, 289.711, -0.276997, -0.0737022, 0.0295023, -0.0397844, 0.186848
2410, 40.1901, 0.987037, 1, 0.0324223, 0.427467, -0.903449, -0.183562, 0.38547, -0.904277, 31.3071, -23.5508, 289.629, -0.277069, -0.0727582, 0.0295706, -0.0370791, 0.185493
2411, 40.2068, 0.986923, 1, 0.030266, 0.42711, -0.903693, -0.189093, 0.38173, -0.904724, 31.2435, -23.5442, 289.709, -0.276473, -0.0722591, 0.0296795, -0.0415447, 0.184227
2412, 40.2235, 0.986774, 1, 0.032687, 0.427715, -0.903322, -0.186234, 0.3833, -0.904653, 31.2073, -23.5204, 289.681, -0.277217, -0.0722693, 0.0297096, -0.0387247, 0.184321
2413, 40.2402, 0.986812, 1, 0.0295828, 0.426975, -0.903779, -0.183069, 0.381137, -0.906212, 31.1322, -23.4931, 289.545, -0.277933, -0.0717451, 0.0296584, -0.0391548, 0.18159
2414, 40.2569, 0.986631, 1, 0.0319688, 0.424177, -0.905015, -0.184419, 0.376851, -0.90773, 31.0289, -23.4813, 289.299, -0.278645, -0.0714767, 0.0295538, -0.0384126, 0.177307
2415, 40.2736, 0.987046, 1, 0.0284586, 0.424201, -0.905121, -0.182249, 0.380569, -0.906616, 30.9831, -23.5342, 289.484, -0.278598, -0.07174, 0.0297251, -0.0392158, 0.179246
2416, 40.2902, 0.987054, 1, 0.0312701, 0.426983, -0.903719, -0.178739, 0.379007, -0.907968, 30.9574, -23.5809, 289.419, -0.279758, -0.0721006, 0.0287658, -0.0350797, 0.178964
2417, 40.3069, 0.987025, 1, 0.0317789, 0.427722, -0.903352, -0.18372, 0.377699, -0.907519, 30.8889, -23.5694, 289.398, -0.279832, -0.0711267, 0.0289417, -0.0386831, 0.17868
2418, 40.3236, 0.987086, 1, 0.0346115, 0.431945, -0.901236, -0.181901, 0.382142, -0.906024, 30.7862, -23.5342, 289.171, -0.278713, -0.0685487, 0.0287984, -0.0398387, 0.185069
2419, 40.3403, 0.986885, 1, 0.0331204, 0.430897, -0.901793, -0.18221, 0.379425, -0.907103, 30.7254, -23.546, 288.961, -0.279846, -0.0686945, 0.0280739, -0.0398269, 0.181914
2420, 40.357, 0.986947, 1, 0.0301894, 0.425989, -0.904225, -0.181127, 0.379169, -0.907427, 30.683, -23.644, 289.159, -0.281585, -0.0677676, 0.0287332, -0.0424179, 0.176854
2421, 40.3737, 0.987003, 1, 0.0321138, 0.423446, -0.905352, -0.181361, 0.373375, -0.90978, 30.6472, -23.6865, 289.037, -0.281858, -0.0673869, 0.0291399, -0.041872, 0.171971
2422, 40.3903, 0.987191, 1, 0.0416616, 0.409091, -0.911542, -0.182842, 0.364777, -0.912966, 30.6938, -23.8212, 289.183, -0.284419, -0.0664687, 0.0304206, -0.0397609, 0.156387
2423, 40.407, 0.987624, 1, 0.0377241, 0.394208, -0.918247, -0.177289, 0.348629, -0.920341, 30.7474, -23.9596, 289.244, -0.282197, -0.0642089, 0.0318238, -0.042561, 0.1421
2424, 40.4237, 0.987516, 1, 0.0520627, 0.374694, -0.925686, -0.179506, 0.340611, -0.922909, 30.7889, -24.1088, 289.187, -0.283185, -0.0630392, 0.0334885, -0.0386871, 0.126698
2809, 46.8468, 0.984472, 1, 0.0524666, 0.431038, -0.900807, -0.203452, 0.385849, -0.899849, 33.4088, -20.2254, 286.747, -0.239847, -0.110248, 0.0401149, -0.000868698, 0.225308
2810, 46.8635, 0.984482, 1, 0.0489084, 0.433468, -0.899841, -0.200795, 0.381591, -0.902258, 33.4424, -20.1709, 286.492, -0.238574, -0.110582, 0.0401169, -0.000850883, 0.225648
2811, 46.8802, 0.98447, 1, 0.0501593, 0.433165, -0.899918, -0.204836, 0.382092, -0.901137, 33.4358, -20.2185, 286.7, -0.240745, -0.110155, 0.0404195, -0.00295529, 0.223377
2812, 46.8968, 0.984414, 1, 0.0535052, 0.432888, -0.899859, -0.20112, 0.383545, -0.901357, 33.4731, -20.1844, 286.509, -0.239825, -0.110907, 0.0406286, 0.0015612, 0.225361
2813, 46.9135, 0.984787, 1, 0.051101, 0.43229, -0.900286, -0.19991, 0.383213, -0.901767, 33.4597, -20.1544, 286.539, -0.240614, -0.109909, 0.0406723, -0.000430148, 0.223796
2814, 46.9302, 0.985051, 1, 0.0517536, 0.431315, -0.900716, -0.200357, 0.385546, -0.900673, 33.4426, -20.1359, 286.377, -0.24038, -0.110356, 0.0408475, 0.000338173, 0.224666
2815, 46.9469, 0.984792, 1, 0.0489896, 0.431623, -0.900723, -0.191709, 0.384952, -0.902806, 33.4523, -20.113, 286.375, -0.241015, -0.110584, 0.0413675, 0.00349396, 0.223396
2816, 46.9636, 0.984517, 1, 0.0487574, 0.43134, -0.900871, -0.195052, 0.382157, -0.903278, 33.442, -20.1129, 286.538, -0.241458, -0.110908, 0.0413489, 0.00210128, 0.221525
2817, 46.9803, 0.985061, 1, 0.0530761, 0.428481, -0.901991, -0.201194, 0.377312, -0.903967, 33.4207, -20.0968, 286.421, -0.241216, -0.110798, 0.0411874, 0.00151205, 0.217879
2818, 46.9969, 0.984855, 1, 0.0467803, 0.432157, -0.900584, -0.197627, 0.382355, -0.902634, 33.4467, -20.093, 286.494, -0.241236, -0.111093, 0.0415905, -0.000270467, 0.22196
2819, 47.0136, 0.984463, 1, 0.0490809, 0.427757, -0.90256, -0.208925, 0.377428, -0.902163, 33.3512, -20.1109, 286.385, -0.243237, -0.110542, 0.0407782, -0.00445479, 0.215174
2820, 47.0303, 0.985565, 1, 0.0455387, 0.430491, -0.901445, -0.209203, 0.372101, -0.904309, 33.4049, -20.0992, 286.627, -0.243443, -0.111345, 0.0407774, -0.00569773, 0.213623
2821, 47.047, 0.98511, 1, 0.0479856, 0.430698, -0.90122, -0.213839, 0.374408, -0.90227, 33.3618, -20.0532, 286.595, -0.242496, -0.11129, 0.0410467, -0.00695288, 0.21633
2822, 47.0637, 0.98546, 1, 0.0500095, 0.428952, -0.901942, -0.211268, 0.379227, -0.900862, 33.342, -20.0086, 286.681, -0.242897, -0.111352, 0.0410271, -0.00481933, 0.217295
2823, 47.0804, 0.985651, 1, 0.052497, 0.429273, -0.901648, -0.20975, 0.376309, -0.902439, 33.2968, -19.9878, 286.565, -0.242593, -0.110818, 0.0409045, -0.00308332, 0.21672
2824, 47.097, 0.985604, 1, 0.0485106, 0.427586, -0.902672, -0.208313, 0.379309, -0.901516, 33.3269, -19.9894, 286.796, -0.242807, -0.111798, 0.0407664, -0.00328824, 0.216964
2825, 47.1137, 0.985943, 1, 0.048361, 0.427943, -0.902511, -0.209063, 0.381609, -0.90037, 33.2633, -19.9631, 286.677, -0.242529, -0.111802, 0.0404535, -0.003659, 0.218617
2826, 47.1304, 0.985927, 1, 0.0508495, 0.427828, -0.902429, -0.207801, 0.383411, -0.899897, 33.2144, -19.9936, 286.807, -0.243089, -0.111049, 0.03973, -0.00254327, 0.219334
2827, 47.1471, 0.985649, 1, 0.0516521, 0.428033, -0.902286, -0.199156, 0.382556, -0.902213, 33.1321, -19.9538, 286.606, -0.242264, -0.110439, 0.0398528, 0.0018564, 0.219903
2828, 47.1638, 0.985838, 1, 0.0455758, 0.426595, -0.903293, -0.202518, 0.380778, -0.902216, 33.0771, -19.9078, 286.309, -0.243951, -0.111389, 0.0394379, -0.001226, 0.215665
2829, 47.1805, 0.985565, 1, 0.0504615, 0.427887, -0.902422, -0.199891, 0.377113, -0.904339, 33.0374, -19.9108, 286.564, -0.243539, -0.11007, 0.0393627, 0.000885771, 0.215384
2830, 47.1971, 0.985624, 1, 0.047831, 0.42604, -0.903439, -0.199198, 0.381656, -0.902585, 32.9606, -19.932, 286.599, -0.244045, -0.109554, 0.0390144, -0.000562888, 0.21612
2831, 47.2138, 0.985904, 1, 0.0458061, 0.42657, -0.903294, -0.197328, 0.375537, -0.905557, 32.8952, -19.9444, 286.567, -0.24438, -0.109088, 0.0386207, -0.000819047, 0.212312
2832, 47.2305, 0.985704, 1, 0.0456522, 0.426416, -0.903374, -0.198014, 0.37541, -0.90546, 32.8651, -19.9441, 286.489, -0.243913, -0.109389, 0.0391645, -0.00106953, 0.212851
2833, 47.2472, 0.986064, 1, 0.042207, 0.426687, -0.903414, -0.200919, 0.376727, -0.904272, 32.7692, -19.9209, 286.541, -0.243614, -0.108197, 0.0389259, -0.0057931, 0.213863
2834, 47.2639, 0.985821, 1, 0.0449472, 0.42759, -0.902855, -0.210813, 0.379795, -0.900729, 32.7479, -19.9444, 286.577, -0.245233, -0.109489, 0.0387211, -0.00810602, 0.214522
2835, 47.2806, 0.985791, 1, 0.0464041, 0.426009, -0.903528, -0.200402, 0.376719, -0.90439, 32.7097, -19.9323, 286.415, -0.246154, -0.109598, 0.038623, -0.00123347, 0.210678
2836, 47.2972, 0.985598, 1, 0.043949, 0.429116, -0.902179, -0.204329, 0.379877, -0.902188, 32.6895, -20.0172, 286.75, -0.246048, -0.10923, 0.0386258, -0.00551038, 0.21441
2837, 47.3139, 0.985903, 1, 0.0423312, 0.431166, -0.901279, -0.203283, 0.381622, -0.901688, 32.6243, -19.9835, 286.645, -0.247049, -0.108846, 0.0387479, -0.00651345, 0.215347
2838, 47.3306, 0.985865, 1, 0.0403676, 0.430241, -0.901811, -0.204136, 0.381261, -0.901648, 32.6045, -19.9511, 286.612, -0.244857, -0.108543, 0.0388647, -0.0081065, 0.217173
2839, 47.3473, 0.985955, 1, 0.03966, 0.431615, -0.901186, -0.208577, 0.379225, -0.90149, 32.5625, -19.9496, 286.729, -0.245264, -0.108215, 0.038791, -0.0112553, 0.216604
2840, 47.364, 0.986292, 1, 0.037863, 0.430416, -0.901836, -0.209096, 0.378323, -0.901749, 32.5137, -19.8987, 286.589, -0.24587, -0.107528, 0.0379905, -0.0129982, 0.214446
2841, 47.3807, 0.986244, 1, 0.0391173, 0.429674, -0.902136, -0.211778, 0.376493, -0.901889, 32.4812, -19.8984, 286.439, -0.244898, -0.108022, 0.0379701, -0.0126308, 0.214425
2842, 47.3973, 0.986497, 1, 0.0398257, 0.431514, -0.901227, -0.216811, 0.375211, -0.901227, 32.4524, -19.8692, 286.605, -0.244288, -0.107609, 0.03822, -0.015751, 0.215526
2843, 47.414, 0.986488, 1, 0.0380853, 0.431929, -0.901103, -0.212328, 0.375308, -0.902253, 32.3911, -19.831, 286.532, -0.244128, -0.10794, 0.0384778, -0.0139387, 0.215826
2844, 47.4307, 0.985822, 1, 0.0437182, 0.430732, -0.90142, -0.210624, 0.377219, -0.901855, 32.3558, -19.7869, 286.408, -0.244029, -0.107478, 0.0384947, -0.0106009, 0.216642
2845, 47.4474, 0.986715, 1, 0.0393499, 0.427585, -0.903118, -0.206645, 0.375969, -0.903297, 32.3283, -19.8037, 286.628, -0.244947, -0.106071, 0.0389253, -0.0129397, 0.212888
2846, 47.4641, 0.98643, 1, 0.0364541, 0.427293, -0.903378, -0.205341, 0.37269, -0.904951, 32.2763, -19.7826, 286.514, -0.243944, -0.105618, 0.0384111, -0.0136713, 0.21198
2847, 47.4808, 0.98644, 1, 0.0426369, 0.426202, -0.903623, -0.209624, 0.375048, -0.902993, 32.2697, -19.7751, 286.435, -0.24598, -0.106123, 0.0389558, -0.0122874, 0.210675
2848, 47.4974, 0.986171, 1, 0.0504189, 0.42676, -0.902958, -0.210867, 0.374362, -0.902988, 32.226, -19.7257, 286.395, -0.245268, -0.105548, 0.0382034, -0.00958081, 0.211377
2849, 47.5141, 0.98627, 1, 0.0499657, 0.427156, -0.902796, -0.215879, 0.37958, -0.89962, 32.2053, -19.7445, 286.513, -0.244554, -0.106096, 0.0382162, -0.0117706, 0.215279
2850, 47.5308, 0.986154, 1, 0.0567631, 0.428572, -0.901723, -0.211641, 0.379843, -0.900515, 32.1837, -19.7348, 286.556, -0.245288, -0.105763, 0.0386378, -0.0068644, 0.215614
2851, 47.5475, 0.986489, 1, 0.0474459, 0.43007, -0.901548, -0.216912, 0.382721, -0.898039, 32.1238, -19.6513, 286.283, -0.243221, -0.106679, 0.0391954, -0.0133631, 0.220031
2852, 47.5642, 0.986222, 1, 0.0487518, 0.430135, -0.901447, -0.20488, 0.380528, -0.901789, 32.066, -19.5828, 286.151, -0.244717, -0.10517, 0.0393608, -0.00847472, 0.216992
2853, 47.5809, 0.986373, 1, 0.0500646, 0.429903, -0.901486, -0.205961, 0.381684, -0.901054, 32.0349, -19.5183, 286.002, -0.243463, -0.105685, 0.039288, -0.00769607, 0.219059
2854, 47.5975, 0.986275, 1, 0.0479752, 0.430043, -0.901533, -0.20153, 0.378918, -0.90322, 31.96, -19.4033, 285.682, -0.244074, -0.105004, 0.0400585, -0.00738215, 0.216663
2855, 47.6142, 0.986239, 1, 0.0540379, 0.429519, -0.901439, -0.197276, 0.380482, -0.903502, 31.9398, -19.2777, 285.401, -0.24181, -0.106632, 0.0398565, -7.57063e-05, 0.219784
2856, 47.6309, 0.987178, 1, 0.050676, 0.424093, -0.9042, -0.20091, 0.37172, -0.906344, 31.9903, -19.1994, 286.085, -0.238484, -0.108613, 0.0402753, -0.000453715, 0.211456
2857, 47.6476, 0.986666, 1, 0.0550897, 0.426744, -0.902693, -0.206398, 0.374217, -0.90408, 31.9845, -19.2008, 286.407, -0.24008, -0.108192, 0.0415927, -0.00301901, 0.211971
2858, 47.6643, 0.986023, 1, 0.0487525, 0.427886, -0.902517, -0.213806, 0.376662, -0.901339, 31.8813, -19.0885, 285.762, -0.24137, -0.107494, 0.0431933, -0.0115868, 0.211457
2859, 47.681, 0.984651, 1, 0.0550146, 0.427595, -0.902295, -0.211965, 0.38095, -0.899971, 31.9179, -18.9876, 285.797, -0.240239, -0.107092, 0.0430351, -0.00890008, 0.214584
2860, 47.6976, 0.983433, 1, 0.0568196, 0.4285, -0.901754, -0.224547, 0.387722, -0.894008, 31.9248, -18.9715, 285.834, -0.240003, -0.105723, 0.0436667, -0.0176722, 0.21976
2861, 47.7143, 0.982256, 1, 0.0611114, 0.427272, -0.902056, -0.225556, 0.388382, -0.893467, 31.8371, -18.9303, 285.432, -0.240228, -0.102485, 0.0440675, -0.0205445, 0.219415
2862, 47.731, 0.979917, 1, 0.0583035, 0.430737, -0.900592, -0.22435, 0.387722, -0.894058, 31.7557, -18.9966, 284.944, -0.246791, -0.101451, 0.0438385, -0.0225156, 0.213475
2863, 47.7477, 0.978268, 1, 0.0551547, 0.427988, -0.9021, -0.21762, 0.383572, -0.897504, 31.6874, -18.9852, 284.696, -0.249451, -0.10055, 0.043221, -0.0213248, 0.20629
2864, 47.7644, 0.977051, 1, 0.0627015, 0.427635, -0.901774, -0.221985, 0.38548, -0.895616, 31.6458, -18.9461, 284.596, -0.248843, -0.0983133, 0.0433091, -0.0226983, 0.208237
2865, 47.7811, 0.973174, 1, 0.0542857, 0.420046, -0.905878, -0.213994, 0.381436, -0.899285, 31.6695, -19.1843, 284.953, -0.259707, -0.0991177, 0.0422847, -0.0209752, 0.187036
2866, 47.7977, 0.972084, 1, 0.0548445, 0.420594, -0.90559, -0.224859, 0.378699, -0.897789, 31.6476, -19.0246, 285.241, -0.253895, -0.0971938, 0.0427939, -0.0294417, 0.193202
2867, 47.8144, 0.972289, 1, 0.0547998, 0.418911, -0.906372, -0.221753, 0.375896, -0.899738, 31.6537, -19.0426, 285.353, -0.254182, -0.0966703, 0.0421446, -0.0279825, 0.190785
2868, 47.8311, 0.974201, 1, 0.0540267, 0.420513, -0.905677, -0.224923, 0.378153, -0.898003, 31.6342, -18.8797, 285.265, -0.248024, -0.0954402, 0.0427333, -0.032085, 0.200316
2869, 47.8478, 0.977076, 1, 0.0564165, 0.423975, -0.903915, -0.222735, 0.383554, -0.896256, 31.73, -18.7859, 285.199, -0.242648, -0.0998654, 0.0408774, -0.0232308, 0.212664
2870, 47.8645, 0.977974, 1, 0.0508536, 0.423331, -0.904547, -0.220892, 0.38556, -0.895852, 31.7515, -18.7208, 285.29, -0.239499, -0.0995086, 0.0411444, -0.0256161, 0.216877
2871, 47.8812, 0.980325, 1, 0.050227, 0.423222, -0.904633, -0.225059, 0.383151, -0.895848, 31.7897, -18.7539, 285.512, -0.237452, -0.100556, 0.0412118, -0.0267805, 0.217588
2872, 47.8978, 0.980214, 1, 0.0505473, 0.420631, -0.905823, -0.220065, 0.381939, -0.897604, 31.8356, -18.7614, 285.851, -0.235243, -0.101214, 0.0413401, -0.0226852, 0.21836
2873, 47.9145, 0.981313, 1, 0.0522585, 0.42143, -0.905354, -0.219497, 0.382206, -0.89763, 31.8497, -18.8126, 286.17, -0.230755, -0.101906, 0.0422914, -0.0209637, 0.224463
2874, 47.9312, 0.982664, 1, 0.0546094, 0.419683, -0.906026, -0.222892, 0.381513, -0.897088, 31.8476, -18.8643, 286.446, -0.231332, -0.102294, 0.0430794, -0.0209665, 0.222242
2875, 47.9479, 0.982307, 1, 0.0557106, 0.42313, -0.904355, -0.216213, 0.378879, -0.899835, 31.8363, -18.9035, 286.255, -0.229488, -0.101659, 0.0436891, -0.0178919, 0.225516
2876, 47.9646, 0.982648, 1, 0.0615328, 0.425157, -0.903025, -0.218378, 0.380657, -0.898561, 31.8459, -18.8881, 286.241, -0.227477, -0.102463, 0.0441526, -0.0148529, 0.230623
2877, 47.9813, 0.98366, 1, 0.0655746, 0.425501, -0.902579, -0.219746, 0.380681, -0.898217, 31.8631, -18.9182, 286.375, -0.224585, -0.101988, 0.0434858, -0.0140114, 0.235089
2878, 47.9979, 0.985111, 1, 0.0644519, 0.430681, -0.9002, -0.218821, 0.386863, -0.895798, 31.9229, -18.8003, 286.027, -0.217611, -0.102728, 0.0416346, -0.0130061, 0.250954
2879, 48.0146, 0.985318, 1, 0.0558971, 0.433617, -0.899362, -0.217466, 0.392905, -0.893496, 31.9243, -18.9003, 285.783, -0.218914, -0.103386, 0.0401117, -0.0153112, 0.254724
2880, 48.0313, 0.985144, 1, 0.064248, 0.434757, -0.898253, -0.222758, 0.389481, -0.893691, 31.976, -19.0833, 286.149, -0.225107, -0.104988, 0.0396488, -0.0116116, 0.246991
2881, 48.048, 0.984923, 1, 0.0652213, 0.435511, -0.897818, -0.219926, 0.389122, -0.894548, 32.04, -19.2271, 286.442, -0.228337, -0.105568, 0.039525, -0.00866218, 0.243569
2882, 48.0647, 0.984802, 1, 0.0714869, 0.434798, -0.897686, -0.227202, 0.395295, -0.890012, 32.1074, -19.2999, 286.854, -0.228349, -0.104235, 0.0402009, -0.0118215, 0.247113
2883, 48.0814, 0.984937, 1, 0.0808238, 0.435291, -0.896655, -0.226957, 0.403266, -0.886491, 32.2378, -19.3795, 287.401, -0.229396, -0.104287, 0.0415295, -0.00841958, 0.251095
2884, 48.098, 0.984917, 1, 0.0796566, 0.430787, -0.898931, -0.22907, 0.397805, -0.888413, 32.1982, -19.3722, 287.413, -0.22904, -0.103137, 0.041504, -0.0110177, 0.245551
2885, 48.1147, 0.984519, 1, 0.0790884, 0.432364, -0.898224, -0.235742, 0.400319, -0.885534, 32.1632, -19.3229, 287.378, -0.229266, -0.10252, 0.0416722, -0.0156999, 0.24761
2886, 48.1314, 0.984838, 1, 0.087011, 0.431024, -0.898136, -0.221275, 0.397315, -0.890606, 32.0623, -19.2876, 287.397, -0.230644, -0.101174, 0.0424047, -0.00567633, 0.243842
2887, 48.1481, 0.984886, 1, 0.0876276, 0.431122, -0.898028, -0.233447, 0.397287, -0.887505, 31.9866, -19.195, 287.531, -0.228591, -0.10102, 0.042817, -0.0120488, 0.246149
2888, 48.1648, 0.984566, 1, 0.0832379, 0.429254, -0.89934, -0.224071, 0.396759, -0.890154, 31.8759, -19.1435, 287.43, -0.230241, -0.0987667, 0.0427545, -0.0117331, 0.242225
2889, 48.1815, 0.984768, 1, 0.0779771, 0.428659, -0.900095, -0.221317, 0.396766, -0.89084, 31.7702, -19.0156, 287.339, -0.228573, -0.0970523, 0.0427407, -0.0149331, 0.243438
2890, 48.1981, 0.985007, 1, 0.085577, 0.427058, -0.900166, -0.233644, 0.398586, -0.886871, 31.6778, -18.8443, 287.353, -0.227337, -0.0941603, 0.0421422, -0.0213168, 0.245538
2891, 48.2148, 0.985142, 1, 0.0801711, 0.4287, -0.899883, -0.239871, 0.398112, -0.88542, 31.5479, -18.6705, 287.421, -0.225386, -0.0892274, 0.0416215, -0.0334576, 0.248325
2892, 48.2315, 0.985719, 1, 0.068613, 0.425472, -0.902367, -0.240741, 0.398105, -0.885187, 31.4601, -18.6077, 287.423, -0.226264, -0.0889744, 0.0411803, -0.0394127, 0.244656
2893, 48.2482, 0.985514, 1, 0.0792685, 0.42714, -0.900704, -0.234334, 0.393161, -0.889108, 31.2943, -18.507, 287.466, -0.223946, -0.0854666, 0.0405511, -0.0344, 0.246016
2894, 48.2649, 0.984769, 1, 0.0828581, 0.42745, -0.900234, -0.215558, 0.391708, -0.894483, 31.1169, -18.3697, 287.434, -0.220867, -0.0811736, 0.0391697, -0.0270757, 0.249077
2895, 48.2816, 0.985367, 1, 0.0814549, 0.428427, -0.899897, -0.220601, 0.392508, -0.892901, 30.9581, -18.2545, 287.655, -0.220237, -0.0797371, 0.0378924, -0.0318999, 0.250994
2896, 48.2982, 0.984697, 1, 0.0838672, 0.426694, -0.900499, -0.215606, 0.392881, -0.893957, 30.7419, -18.0501, 287.643, -0.217396, -0.0767288, 0.037228, -0.0308925, 0.253618
2897, 48.3149, 0.98484, 1, 0.0885288, 0.426774, -0.900015, -0.224561, 0.397489, -0.889705, 30.5818, -17.9799, 287.96, -0.216204, -0.0745228, 0.0361437, -0.0358191, 0.25813
2898, 48.3316, 0.984793, 1, 0.0834281, 0.428113, -0.899866, -0.216574, 0.398098, -0.891411, 30.3579, -17.899, 287.8, -0.214934, -0.0713393, 0.0364908, -0.0381688, 0.259891
2899, 48.3483, 0.985364, 1, 0.0820776, 0.426924, -0.900555, -0.223653, 0.395424, -0.890853, 30.2538, -17.8856, 288.038, -0.215155, -0.0696714, 0.0356302, -0.044381, 0.258098
2900, 48.365, 0.985045, 1, 0.0812906, 0.426909, -0.900633, -0.216217, 0.391915, -0.894233, 30.1266, -17.8219, 288.065, -0.214517, -0.0680863, 0.0351435, -0.0422693, 0.256507
2901, 48.3817, 0.985298, 1, 0.0845284, 0.426802, -0.900386, -0.218732, 0.392582, -0.893329, 30.0311, -17.7541, 288.094, -0.213594, -0.0668477, 0.0349617, -0.0433073, 0.25804
2902, 48.3983, 0.985107, 1, 0.0822953, 0.426273, -0.900844, -0.222986, 0.397403, -0.890139, 29.9226, -17.7105, 288.206, -0.213918, -0.0657293, 0.0349761, -0.0484301, 0.260159
2903, 48.415, 0.985084, 1, 0.082727, 0.427573, -0.900187, -0.216945, 0.392533, -0.893785, 29.8376, -17.6797, 288.398, -0.212691, -0.0653285, 0.0346015, -0.0450976, 0.259352
2904, 48.4317, 0.985116, 1, 0.0838387, 0.428185, -0.899794, -0.218995, 0.404786, -0.887801, 29.858, -17.6448, 288.511, -0.212474, -0.064529, 0.0353307, -0.0475823, 0.267137
2905, 48.4484, 0.985556, 1, 0.0888318, 0.427805, -0.899495, -0.225265, 0.407664, -0.88491, 29.9236, -17.564, 288.748, -0.211994, -0.0638579, 0.0367896, -0.0500493, 0.269552
2906, 48.4651, 0.985202, 1, 0.0936552, 0.423817, -0.900893, -0.218185, 0.406876, -0.887044, 29.9705, -17.4793, 288.614, -0.212547, -0.0646922, 0.0379512, -0.0428047, 0.266167
2907, 48.4818, 0.985358, 1, 0.0821749, 0.423687, -0.902074, -0.222508, 0.404482, -0.887065, 29.9686, -17.3539, 288.501, -0.211468, -0.0647911, 0.0387254, -0.0511518, 0.265482
2908, 48.4984, 0.985409, 1, 0.0823015, 0.425445, -0.901234, -0.220984, 0.406877, -0.886351, 30.0285, -17.3158, 288.556, -0.211838, -0.0656453, 0.0381057, -0.0495633, 0.267038
2909, 48.5151, 0.985357, 1, 0.0879059, 0.426055, -0.900416, -0.227884, 0.412533, -0.881978, 30.0138, -17.283, 288.677, -0.210143, -0.0655315, 0.0389567, -0.0509223, 0.272891
2910, 48.5318, 0.985263, 1, 0.0785855, 0.428616, -0.900062, -0.222903, 0.412052, -0.883475, 30.0426, -17.3182, 288.743, -0.210591, -0.0661683, 0.0386933, -0.0523291, 0.272958
2911, 48.5485, 0.985361, 1, 0.0882391, 0.424387, -0.901171, -0.224517, 0.407284, -0.885275, 30.0749, -17.2549, 288.669, -0.210006, -0.0670194, 0.0392212, -0.0468628, 0.269203
2912, 48.5652, 0.985521, 1, 0.0862258, 0.424511, -0.901308, -0.220775, 0.407469, -0.88613, 30.1321, -17.2, 288.696, -0.21039, -0.0669211, 0.0399634, -0.0466638, 0.268488
2913, 48.5819, 0.98526, 1, 0.0880958, 0.426041, -0.900405, -0.224356, 0.411467, -0.883379, 30.1554, -17.1828, 288.721, -0.209818, -0.0678746, 0.0399291, -0.0466787, 0.272562
2914, 48.5985, 0.985348, 1, 0.0825629, 0.424672, -0.901575, -0.219706, 0.406105, -0.887022, 30.2051, -17.1912, 288.852, -0.210472, -0.0684359, 0.0404447, -0.0464438, 0.267734
2915, 48.6152, 0.985562, 1, 0.076291, 0.422742, -0.903033, -0.217495, 0.405477, -0.887854, 30.2511, -17.218, 288.851, -0.211561, -0.0686623, 0.0408864, -0.0483933, 0.264412
2916, 48.6319, 0.986166, 1, 0.0781101, 0.429525, -0.89967, -0.221039, 0.408908, -0.885402, 30.3259, -17.2406, 288.879, -0.210159, -0.0703222, 0.0402266, -0.0473477, 0.271959
2917, 48.6486, 0.985903, 1, 0.0717387, 0.427376, -0.901223, -0.224706, 0.408366, -0.884728, 30.4201, -17.2205, 288.899, -0.209449, -0.0710926, 0.0408181, -0.0520324, 0.270873
2918, 48.6653, 0.985733, 1, 0.0767689, 0.42442, -0.902205, -0.227589, 0.403176, -0.88637, 30.4569, -17.2015, 288.759, -0.211061, -0.0713778, 0.0415669, -0.0504037, 0.26494
2919, 48.682, 0.985719, 1, 0.0766683, 0.424809, -0.90203, -0.222827, 0.40585, -0.88636, 30.4643, -17.1713, 288.791, -0.209431, -0.0711358, 0.0414547, -0.0483817, 0.268483
2920, 48.6986, 0.984993, 1, 0.0783643, 0.424344, -0.902104, -0.223856, 0.399713, -0.888886, 30.5178, -17.1879, 288.873, -0.211482, -0.0711872, 0.0418611, -0.0479879, 0.262853
2921, 48.7153, 0.985033, 1, 0.0796633, 0.42537, -0.901507, -0.218345, 0.40351, -0.888541, 30.6133, -17.1728, 289.068, -0.209943, -0.0721756, 0.0415423, -0.0433354, 0.266887
2922, 48.732, 0.98484, 1, 0.075572, 0.424538, -0.902251, -0.224255, 0.407634, -0.88518, 30.6238, -17.1693, 288.925, -0.209927, -0.0722898, 0.0414966, -0.0485573, 0.269083
2923, 48.7487, 0.984983, 1, 0.0811804, 0.423909, -0.902059, -0.225251, 0.40561, -0.885857, 30.7009, -17.1163, 289.072, -0.207523, -0.0731419, 0.0417062, -0.0451514, 0.270401
2924, 48.7654, 0.985416, 1, 0.0887141, 0.426577, -0.90009, -0.232669, 0.411541, -0.881192, 30.706, -17.1023, 288.99, -0.207651, -0.0731154, 0.0416705, -0.0455778, 0.275581
2925, 48.7821, 0.985617, 1, 0.0865194, 0.423893, -0.90157, -0.228525, 0.405734, -0.884961, 30.7297, -17.0327, 288.723, -0.205945, -0.0742622, 0.0422112, -0.0427511, 0.272354
2926, 48.7987, 0.98538, 1, 0.0918002, 0.425943, -0.900081, -0.233777, 0.408516, -0.882305, 30.6865, -17.0915, 288.94, -0.209065, -0.0737132, 0.0426355, -0.0441881, 0.271958
2927, 48.8154, 0.986052, 1, 0.0844092, 0.427023, -0.900292, -0.23085, 0.404471, -0.884936, 30.5962, -17.0928, 288.892, -0.209569, -0.0726647, 0.0424827, -0.0473418, 0.269466
2928, 48.8321, 0.986511, 1, 0.0837237, 0.425537, -0.90106, -0.232517, 0.404397, -0.884533, 30.576, -17.0833, 289.002, -0.209921, -0.0722517, 0.0427663, -0.0493887, 0.26813
2929, 48.8488, 0.986258, 1, 0.0798114, 0.428651, -0.899938, -0.230862, 0.405886, -0.884285, 30.4989, -17.0378, 288.964, -0.208541, -0.0718403, 0.0426525, -0.0510099, 0.272041
2930, 48.8655, 0.986948, 1, 0.0795066, 0.42501, -0.90169, -0.235039, 0.410581, -0.881011, 30.4648, -17.0328, 289.049, -0.209118, -0.071686, 0.0428337, -0.0538112, 0.271823
2931, 48.8822, 0.98735, 1, 0.0714689, 0.425974, -0.901908, -0.236532, 0.409514, -0.881108, 30.3988, -16.9991, 288.995, -0.210689, -0.0720469, 0.0429665, -0.0579697, 0.269775
2932, 48.8988, 0.988021, 1, 0.078404, 0.428505, -0.900131, -0.240586, 0.409266, -0.880125, 30.321, -16.9891, 289.063, -0.210606, -0.0715962, 0.0425624, -0.0570568, 0.271732
2933, 48.9155, 0.988314, 1, 0.0704805, 0.42827, -0.900898, -0.233668, 0.408813, -0.882197, 30.2489, -17.0127, 289.159, -0.213273, -0.0709665, 0.0427682, -0.0582816, 0.267942
2934, 48.9322, 0.988687, 1, 0.0782193, 0.423283, -0.902615, -0.224186, 0.399456, -0.888918, 30.2493, -16.984, 289.213, -0.213971, -0.0714781, 0.0425803, -0.0479613, 0.259333
2935, 48.9489, 0.988313, 1, 0.0745212, 0.423715, -0.902725, -0.232549, 0.408899, -0.882452, 30.1905, -16.9732, 289.235, -0.213568, -0.0708986, 0.0421052, -0.055124, 0.265181
2936, 48.9656, 0.988469, 1, 0.0795437, 0.423413, -0.902438, -0.233067, 0.408681, -0.882417, 30.1887, -16.9959, 289.516, -0.214095, -0.0710686, 0.042255, -0.0528636, 0.264696
2937, 48.9823, 0.988545, 1, 0.0807398, 0.423542, -0.902271, -0.228109, 0.400107, -0.887626, 30.1411, -16.9465, 289.142, -0.215357, -0.0714489, 0.0428257, -0.0485027, 0.258571
2938, 48.9989, 0.988874, 1, 0.0840966, 0.423424, -0.90202, -0.233873, 0.40407, -0.884325, 30.1239, -16.9678, 289.293, -0.214719, -0.0718155, 0.0421128, -0.0493726, 0.261519
2939, 49.0156, 0.988041, 1, 0.0923094, 0.421982, -0.901893, -0.229721, 0.398549, -0.887912, 30.0977, -16.9598, 289.256, -0.214623, -0.0730686, 0.0418098, -0.0407143, 0.258513
2940, 49.0323, 0.988084, 1, 0.078759, 0.423569, -0.902433, -0.230011, 0.401388, -0.886557, 30.1057, -16.9096, 289.138, -0.214193, -0.07391, 0.0423433, -0.0470393, 0.26045
2941, 49.049, 0.988321, 1, 0.0872796, 0.424709, -0.901113, -0.234009, 0.404537, -0.884075, 30.089, -16.9188, 289.143, -0.213977, -0.0735976, 0.0420173, -0.0451245, 0.26371
2942, 49.0657, 0.988458, 1, 0.0840627, 0.42338, -0.902044, -0.234024, 0.405544, -0.88361, 30.0898, -16.9551, 289.228, -0.215087, -0.07344, 0.0415828, -0.0468646, 0.262391
2943, 49.0824, 0.988157, 1, 0.0856645, 0.425464, -0.900912, -0.234134, 0.401501, -0.885426, 30.1036, -16.9356, 289.185, -0.214828, -0.0741878, 0.0420654, -0.0452848, 0.261541
2944, 49.099, 0.988039, 1, 0.0816275, 0.423947, -0.902001, -0.222655, 0.392452, -0.892416, 30.1134, -16.9072, 289.189, -0.214967, -0.0744016, 0.0424398, -0.0406062, 0.254705
2945, 49.1157, 0.988397, 1, 0.0856208, 0.426106, -0.900613, -0.223514, 0.399076, -0.889258, 30.1487, -16.9653, 289.378, -0.217058, -0.0757344, 0.0420642, -0.0377892, 0.257532
2946, 49.1324, 0.988317, 1, 0.0823069, 0.425153, -0.901371, -0.225439, 0.399971, -0.88837, 30.1254, -16.9242, 289.443, -0.216139, -0.0749736, 0.042165, -0.0417037, 0.258343
2947, 49.1491, 0.988335, 1, 0.0879488, 0.422528, -0.902073, -0.222619, 0.398391, -0.88979, 30.1185, -16.922, 289.542, -0.215227, -0.0750994, 0.042353, -0.0369106, 0.257485
2948, 49.1658, 0.988579, 1, 0.08847, 0.423901, -0.901377, -0.2256, 0.402222, -0.887312, 30.0607, -16.9404, 289.697, -0.216267, -0.0742412, 0.0423566, -0.0396147, 0.259035
2949, 49.1825, 0.988622, 1, 0.0887995, 0.421443, -0.902497, -0.233244, 0.404829, -0.884144, 30.1015, -16.9449, 289.666, -0.216404, -0.0754804, 0.0425442, -0.0420453, 0.259134
2950, 49.1991, 0.988504, 1, 0.0936557, 0.423121, -0.90122, -0.240142, 0.406966, -0.881312, 30.0355, -16.9606, 289.763, -0.216082, -0.075142, 0.0425285, -0.0436411, 0.262139
2951, 49.2158, 0.988552, 1, 0.0953598, 0.421145, -0.901966, -0.233977, 0.409238, -0.881918, 29.966, -16.935, 289.651, -0.217614, -0.0747887, 0.042513, -0.0399138, 0.26046
2952, 49.2325, 0.988363, 1, 0.0930021, 0.425393, -0.900218, -0.236274, 0.411336, -0.880328, 29.9107, -16.8638, 289.465, -0.217229, -0.0738475, 0.0433399, -0.044188, 0.264192
2953, 49.2492, 0.988581, 1, 0.0935686, 0.423677, -0.900967, -0.229024, 0.412148, -0.881863, 29.9011, -16.921, 289.727, -0.219776, -0.0744926, 0.0425815, -0.0390758, 0.26093
2954, 49.2659, 0.988325, 1, 0.091469, 0.42526, -0.900437, -0.234378, 0.415446, -0.878903, 29.8556, -16.9133, 289.536, -0.218331, -0.0737963, 0.0416691, -0.0434233, 0.265308
2955, 49.2826, 0.98848, 1, 0.0911472, 0.421656, -0.902163, -0.239263, 0.411412, -0.879485, 29.7641, -16.9065, 289.446, -0.21853, -0.0742456, 0.0414847, -0.0448158, 0.26102
2956, 49.2992, 0.988074, 1, 0.0853627, 0.421097, -0.90299, -0.242811, 0.410734, -0.878829, 29.7611, -16.9021, 289.35, -0.219791, -0.073921, 0.0409826, -0.0498985, 0.258662
2957, 49.3159, 0.988562, 1, 0.0895581, 0.421327, -0.902476, -0.235413, 0.409916, -0.88122, 29.6739, -16.8598, 289.318, -0.217426, -0.0722159, 0.0410375, -0.0459094, 0.261229
2958, 49.3326, 0.988177, 1, 0.0900583, 0.41839, -0.903792, -0.237956, 0.401261, -0.884515, 29.6701, -16.8637, 289.476, -0.218501, -0.0729273, 0.0404284, -0.0455249, 0.253705
2959, 49.3493, 0.988708, 1, 0.0882878, 0.420002, -0.903219, -0.231067, 0.408629, -0.882967, 29.6552, -16.8762, 289.628, -0.218532, -0.0729985, 0.0400286, -0.0429432, 0.258171
2960, 49.366, 0.988485, 1, 0.0837447, 0.422872, -0.902311, -0.236693, 0.411763, -0.880016, 29.6265, -16.8806, 289.581, -0.217836, -0.0732309, 0.0397093, -0.0479116, 0.262615
2961, 49.3827, 0.988273, 1, 0.0904269, 0.420337, -0.902851, -0.234689, 0.413385, -0.879792, 29.6591, -16.9237, 289.722, -0.218997, -0.0735373, 0.0396862, -0.0429545, 0.260719
2962, 49.3993, 0.988284, 1, 0.083664, 0.421551, -0.902937, -0.234744, 0.41062, -0.881071, 29.6729, -16.8983, 289.618, -0.219112, -0.0728481, 0.0399363, -0.0474639, 0.25951
2963, 49.416, 0.988569, 1, 0.0810717, 0.420134, -0.903833, -0.237985, 0.413588, -0.878811, 29.6722, -16.8889, 289.694, -0.219584, -0.0732181, 0.0393476, -0.0496964, 0.259858
2964, 49.4327, 0.988877, 1, 0.0799856, 0.417428, -0.905183, -0.234108, 0.407722, -0.882585, 29.7289, -16.8747, 289.81, -0.22066, -0.073439, 0.0395976, -0.0480778, 0.253749
2965, 49.4494, 0.988977, 1, 0.0852131, 0.420638, -0.903218, -0.233678, 0.409907, -0.881686, 29.7701, -16.8413, 289.834, -0.219596, -0.0743181, 0.0400479, -0.0443077, 0.258132
2966, 49.4661, 0.988444, 1, 0.0786294, 0.425851, -0.90137, -0.235105, 0.414687, -0.879068, 29.7995, -16.8376, 289.961, -0.218661, -0.0739872, 0.0404479, -0.0497574, 0.264239
2967, 49.4828, 0.988638, 1, 0.0934979, 0.424959, -0.900371, -0.238573, 0.42034, -0.875441, 29.8295, -16.8539, 289.778, -0.21977, -0.0755462, 0.0404762, -0.041672, 0.266644
2968, 49.4994, 0.988591, 1, 0.0860594, 0.422486, -0.902275, -0.227184, 0.413089, -0.881899, 29.8982, -16.7982, 289.612, -0.219623, -0.0762856, 0.041455, -0.0387173, 0.260505
2969, 49.5161, 0.988403, 1, 0.0828055, 0.420352, -0.903575, -0.233007, 0.413263, -0.880296, 29.9594, -16.797, 289.726, -0.218565, -0.0769525, 0.0415156, -0.0427329, 0.260789
2970, 49.5328, 0.98868, 1, 0.0899381, 0.422248, -0.902008, -0.239291, 0.416504, -0.877077, 30.0156, -16.8233, 289.551, -0.21917, -0.0772062, 0.0418142, -0.0422395, 0.263369
2971, 49.5495, 0.988825, 1, 0.0979952, 0.41764, -0.903313, -0.253086, 0.414837, -0.873989, 30.0038, -16.8021, 289.412, -0.218188, -0.0783192, 0.0417321, -0.0434981, 0.261911
2972, 49.5662, 0.988897, 1, 0.100486, 0.420424, -0.901746, -0.243632, 0.410635, -0.878648, 30.0952, -16.8284, 289.592, -0.218409, -0.0782554, 0.0417101, -0.0376614, 0.260666
2973, 49.5829, 0.988684, 1, 0.0913976, 0.419339, -0.903217, -0.246131, 0.415081, -0.875858, 30.0685, -16.8186, 289.423, -0.218313, -0.078732, 0.041694, -0.04284, 0.262211
2974, 49.5995, 0.98883, 1, 0.0981225, 0.41696, -0.903613, -0.246647, 0.406964, -0.879514, 30.1324, -16.8201, 289.495, -0.218933, -0.0784176, 0.0411244, -0.0396092, 0.256
2975, 49.6162, 0.988218, 1, 0.0930994, 0.416258, -0.904468, -0.236599, 0.405412, -0.882985, 30.133, -16.8868, 289.962, -0.22066, -0.0778753, 0.0413613, -0.0379097, 0.252119
2976, 49.6329, 0.988617, 1, 0.101273, 0.420961, -0.901408, -0.240266, 0.410488, -0.879643, 30.1145, -16.8296, 289.568, -0.217916, -0.0784714, 0.0410784, -0.0347912, 0.261349
3417, 56.9903, 0.984284, 1, 0.124229, 0.440603, -0.889065, -0.19814, 0.415893, -0.887566, 22.9272, -20.358, 296.243, -0.162887, 0.0205178, -0.00255328, -0.100564, 0.331512
3418, 57.0069, 0.984459, 1, 0.126887, 0.438983, -0.889491, -0.201092, 0.416526, -0.886605, 22.9723, -20.2227, 296.47, -0.162748, 0.0179759, -0.00314547, -0.0974857, 0.331459
3419, 57.0236, 0.98419, 1, 0.125564, 0.443899, -0.887236, -0.205227, 0.417165, -0.885356, 22.8552, -20.0427, 295.94, -0.160642, 0.0169888, -0.00461802, -0.0977763, 0.336991
3420, 57.0403, 0.983928, 1, 0.137488, 0.441094, -0.886867, -0.196199, 0.410362, -0.890567, 22.8094, -19.9876, 296.131, -0.161619, 0.0157246, -0.00510623, -0.0845735, 0.330044
3421, 57.057, 0.984236, 1, 0.130853, 0.443061, -0.88689, -0.204392, 0.41326, -0.887378, 22.671, -19.9799, 296.12, -0.160631, 0.014957, -0.00538528, -0.090676, 0.334662
3422, 57.0737, 0.98491, 1, 0.128564, 0.442053, -0.887728, -0.198623, 0.409333, -0.890503, 22.4729, -20.0052, 296.216, -0.160014, 0.0156273, -0.00676299, -0.0887056, 0.331998
3423, 57.0904, 0.984941, 1, 0.125882, 0.441466, -0.888404, -0.194589, 0.41372, -0.889365, 22.2694, -20.0276, 296.364, -0.162723, 0.0162986, -0.00580925, -0.0890109, 0.33104
3424, 57.107, 0.984996, 1, 0.136087, 0.437089, -0.889064, -0.197763, 0.416117, -0.887545, 22.0608, -20.0148, 296.389, -0.162705, 0.0176626, -0.00606614, -0.0866066, 0.33051
3425, 57.1237, 0.984796, 1, 0.134268, 0.43588, -0.889933, -0.17787, 0.411872, -0.893713, 21.7964, -20.0751, 296.951, -0.162471, 0.0208124, -0.0058446, -0.0811131, 0.326776
3426, 57.1404, 0.98508, 1, 0.138027, 0.437632, -0.888497, -0.187142, 0.409365, -0.892971, 21.5652, -20.0926, 296.748, -0.164469, 0.0215233, -0.00615555, -0.0843294, 0.324783
3427, 57.1571, 0.985072, 1, 0.132165, 0.436927, -0.889734, -0.191299, 0.416269, -0.88889, 21.3047, -20.2084, 297.066, -0.165082, 0.0234299, -0.00694306, -0.0920045, 0.327943
3428, 57.1738, 0.984974, 1, 0.136522, 0.435953, -0.889554, -0.188446, 0.414298, -0.890419, 21.0129, -20.2934, 296.945, -0.165952, 0.026237, -0.00860203, -0.0902855, 0.326163
3429, 57.1905, 0.985134, 1, 0.129501, 0.44026, -0.888482, -0.176863, 0.412005, -0.893852, 20.8254, -20.4187, 297.493, -0.16722, 0.0273498, -0.00909811, -0.0890531, 0.324845
3430, 57.2071, 0.985309, 1, 0.133575, 0.438918, -0.888543, -0.179352, 0.416284, -0.89137, 20.6474, -20.4598, 297.438, -0.167067, 0.0302306, -0.0106171, -0.0909446, 0.327385
3431, 57.2238, 0.985257, 1, 0.139692, 0.435973, -0.889052, -0.175214, 0.412629, -0.893889, 20.5334, -20.5004, 297.298, -0.166393, 0.0303429, -0.0122765, -0.083956, 0.324103
3432, 57.2405, 0.985065, 1, 0.136066, 0.438196, -0.888521, -0.169775, 0.423223, -0.889977, 20.444, -20.5703, 297.493, -0.167194, 0.0311769, -0.0122888, -0.0839461, 0.330437
3433, 57.2572, 0.984969, 1, 0.141011, 0.43481, -0.889413, -0.174308, 0.416005, -0.8925, 20.308, -20.5947, 297.276, -0.167759, 0.0329085, -0.0127818, -0.0853721, 0.323934
4856, 80.9976, 0.982155, 1, 0.0620695, 0.438129, -0.896767, -0.259321, 0.391183, -0.883023, 36.2045, -20.679, 290.381, -0.173529, -0.102643, 0.0847376, -0.0614279, 0.293198
4857, 81.0143, 0.982261, 1, 0.0630193, 0.435925, -0.897774, -0.258469, 0.394607, -0.881748, 36.1046, -20.7033, 290.939, -0.173605, -0.102115, 0.0846442, -0.0620618, 0.294096
4858, 81.0309, 0.982647, 1, 0.0693916, 0.437444, -0.896564, -0.261722, 0.398373, -0.879091, 35.842, -20.6767, 290.894, -0.174208, -0.102446, 0.0852134, -0.0602907, 0.296826
4859, 81.0476, 0.981944, 1, 0.0683126, 0.436317, -0.897196, -0.253214, 0.391046, -0.884854, 35.4954, -20.6359, 290.717, -0.173575, -0.10078, 0.0872249, -0.0583042, 0.292933
4860, 81.0643, 0.982237, 1, 0.0689501, 0.437613, -0.896516, -0.259179, 0.391526, -0.882912, 35.1753, -20.64, 290.693, -0.174842, -0.10141, 0.0877597, -0.0604589, 0.292184
4861, 81.081, 0.98235, 1, 0.0683846, 0.436956, -0.89688, -0.260889, 0.392537, -0.881959, 34.8247, -20.6732, 290.962, -0.175608, -0.0999527, 0.0878453, -0.0636918, 0.291611
4862, 81.0977, 0.982635, 1, 0.0622189, 0.437868, -0.896884, -0.255023, 0.395599, -0.882306, 34.3793, -20.6168, 290.648, -0.174357, -0.0975445, 0.08748, -0.0662962, 0.295027
4863, 81.1144, 0.982621, 1, 0.0693003, 0.436666, -0.896951, -0.262597, 0.400315, -0.877947, 34.115, -20.6477, 291.347, -0.177727, -0.0965474, 0.0872483, -0.0691083, 0.293446
4864, 81.131, 0.982914, 1, 0.0669501, 0.438013, -0.896472, -0.256239, 0.396544, -0.88153, 33.6672, -20.5789, 291.107, -0.177999, -0.0945917, 0.0865666, -0.0681011, 0.291932
4865, 81.1477, 0.983299, 1, 0.0714122, 0.436868, -0.896687, -0.272845, 0.397974, -0.875883, 33.249, -20.555, 291.373, -0.178613, -0.0906054, 0.0856917, -0.0797345, 0.29249
4866, 81.1644, 0.983427, 1, 0.0680429, 0.435861, -0.897438, -0.250055, 0.397498, -0.882875, 32.8103, -20.4395, 291.011, -0.177041, -0.0892922, 0.0850138, -0.0690835, 0.292794
4867, 81.1811, 0.984086, 1, 0.073686, 0.432303, -0.898713, -0.264971, 0.400603, -0.877102, 32.3995, -20.4093, 291.301, -0.179893, -0.0865013, 0.0838926, -0.0772339, 0.290167
4868, 81.1978, 0.984107, 1, 0.0710653, 0.433943, -0.898133, -0.274815, 0.397849, -0.875324, 32.1791, -20.3708, 292.034, -0.184066, -0.0850877, 0.0825132, -0.0866036, 0.284908
4869, 81.2145, 0.984074, 1, 0.0710055, 0.434587, -0.897826, -0.27611, 0.400434, -0.873737, 31.7871, -20.2747, 291.388, -0.180598, -0.0826703, 0.0809628, -0.0884812, 0.29087
4870, 81.2311, 0.984556, 1, 0.0771397, 0.43392, -0.897643, -0.275082, 0.399947, -0.874284, 31.5699, -20.2286, 291.424, -0.18177, -0.0814306, 0.0793401, -0.0852213, 0.289479
4871, 81.2478, 0.984477, 1, 0.0766747, 0.430121, -0.899509, -0.268486, 0.402226, -0.875288, 31.3314, -20.1322, 290.791, -0.180193, -0.0788167, 0.0765947, -0.0831312, 0.29098
4872, 81.2645, 0.984844, 1, 0.0832034, 0.42895, -0.899488, -0.254678, 0.400076, -0.880385, 31.2037, -20.0689, 290.24, -0.182036, -0.0779261, 0.0743305, -0.0711557, 0.287609
4873, 81.2812, 0.984943, 1, 0.079372, 0.430762, -0.898968, -0.26501, 0.402136, -0.876388, 31.1049, -20.0323, 289.579, -0.184484, -0.0760677, 0.0726422, -0.0799998, 0.287424
4874, 81.2979, 0.98455, 1, 0.0711666, 0.433512, -0.898333, -0.265696, 0.405171, -0.874781, 31.1464, -20.0209, 288.823, -0.186861, -0.0760033, 0.0701396, -0.0833725, 0.287622
4875, 81.3146, 0.984396, 1, 0.0738415, 0.434974, -0.89741, -0.261053, 0.401939, -0.877665, 31.2159, -20.0783, 288.193, -0.187839, -0.075315, 0.0678134, -0.0784468, 0.286049
4876, 81.3312, 0.983927, 1, 0.0702314, 0.434988, -0.897693, -0.251347, 0.406868, -0.878227, 31.4461, -20.1244, 287.694, -0.19179, -0.0753487, 0.065543, -0.074258, 0.284378
4877, 81.3479, 0.983987, 1, 0.0657346, 0.434866, -0.898093, -0.25004, 0.406396, -0.878819, 31.7645, -20.1066, 287.386, -0.191362, -0.0746696, 0.0636341, -0.0760514, 0.284433
4878, 81.3646, 0.984496, 1, 0.0788217, 0.432023, -0.898412, -0.247552, 0.404851, -0.880235, 32.0845, -19.816, 286.473, -0.186861, -0.0765881, 0.0619428, -0.0637645, 0.287812
4879, 81.3813, 0.984925, 1, 0.0861878, 0.430774, -0.898335, -0.257944, 0.409218, -0.875218, 32.662, -19.4925, 286.633, -0.185722, -0.0784695, 0.0612923, -0.0647189, 0.291399
4880, 81.398, 0.985031, 1, 0.0857918, 0.432568, -0.89751, -0.257202, 0.404227, -0.877751, 33.2232, -18.8733, 286.141, -0.174933, -0.0793484, 0.0600197, -0.0631354, 0.302177
4881, 81.4147, 0.984359, 1, 0.0898349, 0.434163, -0.896344, -0.26717, 0.398734, -0.877286, 34.0753, -18.2747, 286.822, -0.172806, -0.0839955, 0.0606679, -0.0622462, 0.301708
4882, 81.4313, 0.984393, 1, 0.0816274, 0.431898, -0.898221, -0.249059, 0.399771, -0.882129, 34.8022, -17.5816, 286.416, -0.160534, -0.0855174, 0.0589288, -0.0539254, 0.314772
4883, 81.448, 0.979184, 1, 0.10506, 0.421132, -0.900894, -0.296261, 0.387211, -0.873096, 36.5713, -17.7308, 292.203, -0.145109, -0.103161, 0.0536396, -0.0438317, 0.316939
4884, 81.4647, 0.981851, 1, 0.0931614, 0.423872, -0.900918, -0.286795, 0.382132, -0.878478, 37.6469, -17.1259, 290.825, -0.134125, -0.0885251, 0.0411171, -0.0639231, 0.333365
4885, 81.4814, 0.966524, 1, 0.0989089, 0.430874, -0.896975, -0.273964, 0.388697, -0.879692, 38.0731, -15.7121, 287.628, -0.129246, -0.0790912, 0.0429024, -0.0698725, 0.343791
4886, 81.4981, 0.960791, 1, 0.0986762, 0.421161, -0.901602, -0.27582, 0.358667, -0.891786, 39.6703, -15.6526, 293.366, -0.132349, -0.0995928, 0.0485528, -0.0451135, 0.319832
4887, 81.5148, 0.975176, 1, 0.0897699, 0.41566, -0.905079, -0.292345, 0.366179, -0.883429, 41.0618, -14.8504, 294.547, -0.10666, -0.109515, 0.0467569, -0.0472499, 0.350459
4888, 81.5314, 0.969081, 1, 0.086705, 0.413683, -0.906283, -0.280323, 0.338463, -0.898255, 41.4472, -15.7373, 297.718, -0.155459, -0.103053, 0.0695889, -0.0551587, 0.277855
4889, 81.5481, 0.93833, 1, 0.0489403, 0.407661, -0.911821, -0.286123, 0.326602, -0.900813, 42.5852, -16.3827, 299.973, -0.194258, -0.129402, 0.0861805, -0.0459529, 0.22002
4890, 81.5648, 0.890966, 1, 0.044024, 0.406569, -0.912559, -0.288855, 0.311059, -0.905431, 43.3147, -16.7022, 303.814, -0.200915, -0.142543, 0.108541, -0.036781, 0.199464
4891, 81.5815, 0.830772, 1, 0.0191791, 0.412607, -0.910707, -0.289634, 0.301907, -0.908275, 42.9273, -16.2462, 304.116, -0.187945, -0.126789, 0.136107, -0.0763319, 0.203533
4892, 81.5982, 0.742449, 1, 0.00505095, 0.391371, -0.920219, -0.30147, 0.303494, -0.903885, 42.738, -15.6216, 303.355, -0.207509, -0.124352, 0.152723, -0.0972467, 0.16723
4893, 81.6149, 0.730802, 1, 0.000401513, 0.384305, -0.923206, -0.305437, 0.301186, -0.903325, 43.0579, -15.1065, 303.827, -0.195755, -0.133769, 0.161509, -0.0900725, 0.177224
4894, 81.6315, 0.544466, 0, 0, 0, -1, 0, 0, -1, 43.8171, -13.9109, 301.308, -0.185169, -0.168553, 0.148719, 0.177982, -0.12793
4895, 81.6482, 0.497213, 0, 0, 0, -1, 0, 0, -1, 45.6515, -16.7944, 300.743, -0.277438, -0.184009, 0.0982737, 0.195253, -0.225311
4896, 81.6649, 0.741444, 1, 0.0432384, 0.42015, -0.906424, -0.274734, 0.312814, -0.909213, 47.7691, -22.1309, 313.154, -0.270828, -0.140241, 0.0756354, -0.0226603, 0.154719
4897, 81.6816, 0.778907, 1, 0.0557843, 0.402564, -0.91369, -0.269089, 0.302446, -0.914395, 48.4772, -23.4303, 318.054, -0.285489, -0.147228, 0.0686194, -0.00147861, 0.127177
4898, 81.6983, 0.803062, 1, 0.0734414, 0.384118, -0.920358, -0.263959, 0.292618, -0.919076, 48.7868, -24.6571, 319.901, -0.342899, -0.170992, 0.0554638, 0.044822, 0.0542402
4899, 81.715, 0.694032, 0, 0, 0, -1, 0, 0, -1, 49.1997, -25.8328, 322.792, -0.388357, -0.181275, 0.0392179, 0.191924, -0.339656
4900, 81.7316, 0.658946, 0, 0, 0, -1, 0, 0, -1, 49.9049, -26.695, 328.032, -0.440659, -0.18733, -0.00932916, 0.200186, -0.398081
4901, 81.7483, 0.817298, 1, 0.0933374, 0.390972, -0.915658, -0.283526, 0.320206, -0.903925, 48.6381, -27.2477, 322.751, -0.383272, -0.172866, 0.00901684, 0.0608903, 0.034703
4902, 81.765, 0.846624, 1, 0.0983251, 0.401279, -0.910663, -0.272535, 0.310763, -0.910577, 47.5882, -27.4331, 323.836, -0.349952, -0.155751, 0.0270133, 0.0412795, 0.068659
4903, 81.7817, 0.859737, 1, 0.0880862, 0.426568, -0.900156, -0.273428, 0.321375, -0.906618, 44.8127, -26.0779, 324.051, -0.237124, -0.0881939, 0.0725709, -0.0636827, 0.198912
4904, 81.7984, 0.882266, 1, 0.0857441, 0.414671, -0.905922, -0.244507, 0.319606, -0.915461, 43.6318, -26.2395, 322.516, -0.279189, -0.099927, 0.0821729, -0.0360258, 0.145411
4905, 81.8151, 0.83632, 1, 0.082933, 0.407524, -0.909421, -0.244708, 0.299644, -0.922134, 42.37, -25.9166, 317.33, -0.334993, -0.10603, 0.0810701, -0.0300415, 0.0738791
4906, 81.8317, 0.82525, 1, 0.0624368, 0.40205, -0.913486, -0.254808, 0.288135, -0.923066, 42.8448, -25.8571, 317.259, -0.342793, -0.126112, 0.068105, -0.0171069, 0.0607856
4907, 81.8484, 0.840974, 1, 0.0925814, 0.387709, -0.917121, -0.317222, 0.350834, -0.881071, 43.2696, -25.6075, 320.055, -0.321926, -0.124499, 0.0625373, -0.0397574, 0.115116
4908, 81.8651, 0.853311, 1, 0.177118, 0.402799, -0.897988, -0.308344, 0.303484, -0.901566, 44.1005, -25.3484, 325.996, -0.322025, -0.132739, 0.0601167, 0.0155773, 0.106973
4909, 81.8818, 0.822862, 1, 0.224946, 0.402585, -0.887313, -0.306095, 0.304342, -0.902043, 44.4181, -25.5733, 330.132, -0.335108, -0.150264, 0.061167, 0.0599467, 0.101874
